Time	pre_cru	tem_cru	pre_cn05	tem_cn05	runoff
1961-01-01	10.08	-10.66	7.27	-10.05	130.87
1961-02-01	3.88	-9.83	4.02	-8.84	118.72
1961-03-01	14.66	-6.24	13.40	-6.05	128.89
1961-04-01	19.15	-0.52	18.95	-1.17	213.64
1961-05-01	60.08	2.03	63.51	1.45	409.60
1961-06-01	89.87	8.02	102.70	7.32	791.53
1961-07-01	115.20	9.16	130.54	7.75	1055.26
1961-08-01	139.58	9.01	160.02	7.67	978.71
1961-09-01	57.25	4.85	70.96	3.65	859.13
1961-10-01	38.06	1.77	37.33	0.91	516.86
1961-11-01	12.35	-8.11	13.64	-8.64	289.85
1961-12-01	4.12	-14.27	3.30	-13.96	172.26
1962-01-01	3.90	-13.68	3.73	-13.05	188.77
1962-02-01	5.52	-11.44	5.65	-9.97	171.24
1962-03-01	5.20	-8.37	4.05	-7.86	185.91
1962-04-01	13.25	-0.87	13.97	-1.28	308.16
1962-05-01	74.35	2.22	75.79	1.03	590.82
1962-06-01	110.30	6.60	120.76	5.79	1141.72
1962-07-01	135.34	8.88	139.41	7.72	1522.13
1962-08-01	163.19	7.27	175.18	5.90	1411.70
1962-09-01	68.37	5.92	85.05	4.24	1239.22
1962-10-01	12.13	-0.07	21.49	-0.95	745.52
1962-11-01	1.91	-5.98	9.56	-5.98	418.09
1962-12-01	3.97	-11.78	9.83	-11.29	248.47
1963-01-01	1.48	-15.10	2.01	-14.40	179.24
1963-02-01	1.97	-11.07	2.65	-10.06	162.59
1963-03-01	9.96	-6.76	7.87	-6.60	176.52
1963-04-01	14.94	-0.61	14.42	-1.26	292.59
1963-05-01	44.37	3.65	47.67	2.81	560.97
1963-06-01	130.94	5.59	150.25	4.58	1084.03
1963-07-01	133.58	8.83	145.61	7.60	1445.22
1963-08-01	120.74	8.37	125.41	7.01	1340.37
1963-09-01	95.21	6.50	106.90	5.09	1176.60
1963-10-01	31.24	-1.32	29.35	-2.41	707.85
1963-11-01	6.96	-8.77	5.29	-9.49	396.96
1963-12-01	1.18	-13.33	1.60	-12.99	235.91
1964-01-01	4.31	-12.50	3.80	-11.30	160.07
1964-02-01	6.45	-9.14	5.89	-8.39	145.20
1964-03-01	3.63	-5.71	3.60	-5.75	157.64
1964-04-01	8.12	0.32	8.91	-0.36	261.30
1964-05-01	32.49	3.24	35.44	2.55	500.98
1964-06-01	133.76	5.91	148.08	5.14	968.11
1964-07-01	117.90	8.61	127.70	7.44	1290.68
1964-08-01	124.84	7.65	135.77	6.28	1197.04
1964-09-01	92.10	6.29	105.48	4.82	1050.78
1964-10-01	19.46	2.19	20.59	1.10	632.16
1964-11-01	2.31	-6.00	3.07	-6.72	354.51
1964-12-01	4.28	-10.68	3.55	-10.44	210.68
1965-01-01	1.03	-12.20	1.71	-11.54	203.52
1965-02-01	3.64	-9.88	3.77	-9.33	184.62
1965-03-01	8.02	-7.85	6.78	-7.11	200.44
1965-04-01	16.90	-1.30	17.26	-1.66	332.23
1965-05-01	48.35	3.30	51.09	2.60	636.97
1965-06-01	159.78	6.28	172.60	4.93	1230.90
1965-07-01	130.59	7.90	139.42	6.62	1641.02
1965-08-01	131.18	6.53	144.19	5.33	1521.97
1965-09-01	89.52	4.63	102.36	3.41	1336.01
1965-10-01	27.05	-1.34	25.45	-2.53	803.75
1965-11-01	6.84	-9.02	5.71	-8.78	450.74
1965-12-01	2.09	-12.09	2.31	-10.62	267.87
1966-01-01	3.42	-12.11	3.63	-12.57	141.00
1966-02-01	4.57	-8.28	4.94	-7.94	127.90
1966-03-01	7.67	-3.80	6.64	-3.64	138.86
1966-04-01	9.66	-0.83	9.62	-1.50	230.17
1966-05-01	28.47	3.87	34.39	3.64	441.29
1966-06-01	78.46	5.80	96.53	4.79	852.76
1966-07-01	132.27	9.51	139.05	8.30	1136.89
1966-08-01	133.17	9.03	140.02	7.61	1054.41
1966-09-01	94.58	4.53	98.96	3.35	925.58
1966-10-01	27.74	-2.29	28.42	-3.41	556.84
1966-11-01	7.16	-6.60	5.62	-5.97	312.27
1966-12-01	1.07	-10.10	1.67	-9.51	185.58
1967-01-01	1.80	-11.76	2.46	-11.23	112.20
1967-02-01	4.80	-10.06	5.10	-9.73	101.78
1967-03-01	11.94	-6.48	10.29	-6.71	110.50
1967-04-01	7.04	-1.89	7.34	-2.01	183.16
1967-05-01	28.75	3.42	32.31	2.70	351.16
1967-06-01	104.35	5.48	119.37	4.71	678.60
1967-07-01	97.83	8.48	117.15	7.50	904.70
1967-08-01	116.63	8.78	122.96	7.70	839.07
1967-09-01	75.18	5.18	91.78	3.93	736.55
1967-10-01	36.88	-1.17	36.87	-2.29	443.11
1967-11-01	9.63	-9.47	8.04	-10.00	248.50
1967-12-01	1.55	-13.15	1.89	-13.50	147.68
1968-01-01	5.35	-13.05	5.01	-13.23	128.00
1968-02-01	7.90	-11.83	5.81	-11.23	120.00
1968-03-01	13.99	-5.93	11.08	-5.93	142.00
1968-04-01	16.75	-2.29	16.55	-2.82	263.00
1968-05-01	42.63	3.04	45.05	2.66	477.00
1968-06-01	116.37	5.77	136.26	4.70	686.00
1968-07-01	92.11	7.73	110.16	6.75	834.00
1968-08-01	84.26	7.19	99.14	6.17	647.00
1968-09-01	87.91	6.23	107.22	4.85	671.00
1968-10-01	21.06	-1.45	20.21	-1.91	469.00
1968-11-01	2.80	-6.83	3.15	-7.07	240.00
1968-12-01	2.14	-9.10	2.02	-9.67	157.00
1969-01-01	5.35	-10.58	4.66	-10.47	137.00
1969-02-01	0.67	-8.01	2.06	-7.31	116.00
1969-03-01	4.59	-4.16	4.19	-4.10	130.00
1969-04-01	12.80	-0.42	13.53	-1.08	166.00
1969-05-01	27.87	4.34	34.97	3.79	207.00
1969-06-01	122.40	6.38	126.87	5.58	444.00
1969-07-01	117.82	8.45	118.03	7.30	1060.00
1969-08-01	95.96	7.77	95.31	6.71	772.00
1969-09-01	94.45	5.55	115.69	4.16	990.00
1969-10-01	16.10	-0.81	18.95	-2.20	495.00
1969-11-01	1.94	-6.40	2.31	-6.80	256.00
1969-12-01	0.86	-10.54	1.43	-10.07	163.00
1970-01-01	3.99	-12.44	3.72	-11.97	139.00
1970-02-01	3.82	-10.80	4.33	-10.02	122.00
1970-03-01	13.75	-6.00	11.11	-5.24	128.00
1970-04-01	10.54	-2.32	11.49	-2.32	179.00
1970-05-01	45.39	2.85	49.14	2.33	283.00
1970-06-01	113.22	5.91	134.52	5.18	610.00
1970-07-01	197.05	9.02	208.11	7.78	1560.00
1970-08-01	95.02	8.12	113.38	6.81	1340.00
1970-09-01	80.47	5.67	96.54	4.22	556.00
1970-10-01	25.34	-0.59	26.13	-1.86	501.00
1970-11-01	6.35	-7.20	5.75	-7.75	270.00
1970-12-01	0.84	-10.13	1.26	-9.86	166.00
1971-01-01	5.62	-12.86	5.34	-12.04	141.00
1971-02-01	4.15	-10.89	4.61	-10.35	124.00
1971-03-01	7.16	-5.53	6.42	-5.14	143.00
1971-04-01	22.92	-0.11	22.17	-0.68	207.00
1971-05-01	70.62	2.19	76.02	1.19	404.00
1971-06-01	102.45	5.97	128.34	5.39	1210.00
1971-07-01	75.17	9.06	92.60	8.15	774.00
1971-08-01	89.72	7.97	106.87	7.07	650.00
1971-09-01	70.95	6.29	85.84	5.23	500.00
1971-10-01	51.89	-0.09	51.35	-0.65	365.00
1971-11-01	12.47	-8.90	9.51	-8.81	224.00
1971-12-01	0.88	-13.14	1.21	-12.77	157.00
1972-01-01	2.67	-9.34	2.91	-9.79	143.00
1972-02-01	11.47	-8.94	10.07	-8.71	114.00
1972-03-01	6.09	-3.40	5.79	-3.86	144.00
1972-04-01	23.91	-1.62	24.15	-2.26	178.00
1972-05-01	33.11	4.10	40.37	3.26	360.00
1972-06-01	89.18	6.61	109.07	5.81	421.00
1972-07-01	143.45	10.58	159.06	9.29	849.00
1972-08-01	47.35	9.40	65.15	8.19	641.00
1972-09-01	89.51	4.81	109.82	3.50	546.00
1972-10-01	36.96	-0.81	36.05	-1.78	406.00
1972-11-01	4.23	-9.02	4.05	-10.10	205.00
1972-12-01	4.07	-10.36	2.88	-10.68	147.00
1973-01-01	4.91	-9.96	4.50	-9.87	117.00
1973-02-01	6.02	-9.22	6.23	-8.91	108.00
1973-03-01	7.40	-4.46	6.33	-4.22	129.00
1973-04-01	14.75	-0.87	14.67	-0.91	189.00
1973-05-01	54.06	3.29	59.61	2.59	262.00
1973-06-01	102.17	5.40	126.64	4.79	550.00
1973-07-01	80.19	8.05	97.55	7.34	456.00
1973-08-01	81.16	7.85	94.27	6.99	568.00
1973-09-01	63.95	5.81	77.44	4.89	521.00
1973-10-01	47.87	-0.15	42.52	-0.65	315.00
1973-11-01	7.64	-8.12	6.34	-8.69	185.00
1973-12-01	9.56	-12.55	6.89	-13.80	119.00
1974-01-01	3.75	-11.50	3.39	-12.31	114.00
1974-02-01	1.72	-7.62	2.59	-7.09	101.00
1974-03-01	12.12	-5.49	10.40	-5.43	109.00
1974-04-01	14.86	-1.04	14.22	-1.42	162.00
1974-05-01	67.72	3.45	71.41	2.85	269.00
1974-06-01	128.75	7.00	153.34	6.02	858.00
1974-07-01	122.04	7.85	141.00	6.57	1080.00
1974-08-01	131.90	7.75	147.17	6.55	1290.00
1974-09-01	115.80	4.98	135.97	3.68	1490.00
1974-10-01	24.40	2.54	25.76	1.98	658.00
1974-11-01	4.10	-6.57	4.19	-5.51	322.00
1974-12-01	4.67	-10.90	3.87	-9.56	201.00
1975-01-01	6.09	-14.00	5.20	-12.02	167.00
1975-02-01	9.91	-10.33	10.28	-9.44	138.00
1975-03-01	7.74	-5.74	7.10	-5.26	141.00
1975-04-01	19.15	-0.84	20.45	-1.12	224.00
1975-05-01	48.40	2.37	56.12	1.96	281.00
1975-06-01	110.65	7.47	125.67	6.68	754.00
1975-07-01	144.65	8.38	161.44	7.44	1090.00
1975-08-01	69.98	8.23	85.16	7.03	918.00
1975-09-01	86.38	6.34	104.97	4.79	865.00
1975-10-01	47.94	1.76	48.07	0.67	554.00
1975-11-01	2.40	-5.96	2.71	-5.90	296.00
1975-12-01	0.29	-11.70	1.09	-11.27	162.00
1976-01-01	2.12	-12.10	2.40	-12.01	128.00
1976-02-01	9.22	-8.17	7.89	-8.09	127.00
1976-03-01	8.79	-5.12	7.76	-4.81	132.00
1976-04-01	18.52	-1.36	18.80	-1.59	173.00
1976-05-01	68.75	2.49	74.28	1.77	375.00
1976-06-01	123.53	6.09	144.34	4.98	948.00
1976-07-01	103.70	6.37	122.10	5.12	972.00
1976-08-01	117.27	7.15	127.52	6.36	896.00
1976-09-01	77.76	4.62	94.35	3.24	892.00
1976-10-01	26.68	-0.87	28.27	-2.15	492.00
1976-11-01	2.30	-4.62	2.81	-4.59	269.00
1976-12-01	0.87	-9.12	1.41	-8.83	184.00
1977-01-01	6.10	-10.18	5.14	-10.22	128.00
1977-02-01	16.02	-10.35	13.31	-9.71	127.00
1977-03-01	8.66	-5.58	7.81	-4.99	144.00
1977-04-01	38.75	-1.21	38.71	-1.95	201.00
1977-05-01	48.51	1.20	53.46	0.35	354.00
1977-06-01	80.61	5.21	101.97	4.11	971.00
1977-07-01	103.21	8.75	121.95	7.74	994.00
1977-08-01	104.77	7.72	117.83	6.78	932.00
1977-09-01	59.50	6.32	70.67	5.08	486.00
1977-10-01	42.53	-1.52	42.47	-2.67	379.00
1977-11-01	6.78	-8.26	5.45	-7.98	211.00
1977-12-01	6.32	-11.95	4.76	-11.41	136.00
1978-01-01	4.16	-14.98	4.00	-14.03	117.00
1978-02-01	7.77	-10.10	7.27	-9.32	91.00
1978-03-01	13.19	-5.72	12.02	-5.82	100.00
1978-04-01	19.44	-1.50	20.41	-2.21	243.00
1978-05-01	63.30	3.07	68.13	1.90	463.00
1978-06-01	87.19	6.05	104.99	5.25	818.00
1978-07-01	96.51	8.26	113.58	7.26	713.00
1978-08-01	91.29	7.96	98.13	7.16	854.00
1978-09-01	70.53	4.78	86.58	3.54	656.00
1978-10-01	30.20	0.23	28.75	-0.74	407.00
1978-11-01	21.52	-7.21	16.78	-7.25	240.00
1978-12-01	1.96	-10.54	1.90	-11.25	140.00
1979-01-01	2.58	-10.18	2.61	-10.45	102.00
1979-02-01	9.13	-9.79	8.22	-9.69	97.00
1979-03-01	4.45	-6.56	5.12	-6.21	103.00
1979-04-01	18.78	0.57	17.12	-0.12	232.00
1979-05-01	31.30	5.26	38.84	4.80	313.00
1979-06-01	94.79	6.64	117.98	5.55	365.00
1979-07-01	139.17	7.23	152.94	6.41	1020.00
1979-08-01	104.60	8.64	114.75	7.27	1190.00
1979-09-01	89.31	3.75	107.66	2.28	1120.00
1979-10-01	30.11	-1.31	32.70	-2.21	693.00
1979-11-01	2.72	-5.89	2.52	-5.93	337.00
1979-12-01	9.86	-11.35	8.41	-11.41	204.00
1980-01-01	4.05	-13.00	3.15	-12.83	145.00
1980-02-01	4.87	-8.69	4.96	-8.60	131.00
1980-03-01	12.80	-5.09	11.13	-5.19	138.00
1980-04-01	8.28	-0.75	10.44	-1.18	232.00
1980-05-01	39.55	3.15	47.04	2.39	309.00
1980-06-01	111.38	6.22	136.61	5.28	724.00
1980-07-01	138.02	8.18	154.95	7.06	1360.00
1980-08-01	161.35	7.43	169.83	6.42	1950.00
1980-09-01	100.07	5.50	110.65	4.26	1290.00
1980-10-01	41.75	-1.52	43.44	-2.72	801.00
1980-11-01	0.48	-5.35	1.59	-6.74	405.00
1980-12-01	0.94	-9.85	1.60	-10.02	233.00
1981-01-01	6.42	-12.04	5.73	-11.81	172.00
1981-02-01	7.15	-8.06	6.69	-8.00	160.00
1981-03-01	16.38	-5.43	15.08	-5.86	155.00
1981-04-01	19.75	-1.14	18.40	-1.66	269.00
1981-05-01	58.54	3.24	61.91	2.10	470.00
1981-06-01	86.14	7.91	107.91	6.69	881.00
1981-07-01	131.64	9.84	145.49	8.31	1390.00
1981-08-01	118.15	9.84	124.77	8.42	902.00
1981-09-01	88.25	5.78	98.33	4.41	894.00
1981-10-01	7.32	0.97	11.68	0.39	468.00
1981-11-01	13.12	-8.28	10.01	-8.30	265.00
1981-12-01	7.18	-11.84	7.11	-12.11	170.00
1982-01-01	1.15	-10.33	1.87	-10.86	140.00
1982-02-01	5.92	-10.48	6.51	-10.38	111.00
1982-03-01	13.01	-5.12	9.78	-5.20	118.00
1982-04-01	28.83	-2.41	28.42	-2.40	159.00
1982-05-01	30.81	2.60	39.50	2.05	295.00
1982-06-01	155.36	5.88	171.62	5.06	924.00
1982-07-01	136.67	8.61	147.77	7.62	1760.00
1982-08-01	76.54	7.96	85.10	6.89	761.00
1982-09-01	94.39	5.80	111.58	4.68	973.00
1982-10-01	24.56	-0.03	26.22	-1.21	512.00
1982-11-01	13.16	-6.20	11.06	-7.47	294.00
1982-12-01	4.14	-11.96	3.27	-11.63	183.00
1983-01-01	5.53	-14.34	4.99	-13.66	138.00
1983-02-01	6.54	-13.75	6.57	-12.67	109.00
1983-03-01	12.50	-6.85	11.75	-6.47	123.00
1983-04-01	17.85	-2.87	19.61	-3.05	192.00
1983-05-01	34.65	3.04	42.40	2.45	454.00
1983-06-01	126.33	5.90	149.38	5.20	829.00
1983-07-01	137.70	8.57	145.35	7.69	1430.00
1983-08-01	74.00	7.27	88.36	6.38	755.00
1983-09-01	76.70	5.98	89.75	4.66	567.00
1983-10-01	56.62	0.79	52.03	0.34	512.00
1983-11-01	2.10	-7.49	2.74	-8.00	271.00
1983-12-01	1.84	-11.15	3.02	-11.15	150.00
1984-01-01	5.71	-12.05	4.82	-11.63	113.00
1984-02-01	1.50	-6.81	2.64	-6.50	126.00
1984-03-01	8.87	-4.18	8.10	-3.75	132.00
1984-04-01	11.27	0.22	14.05	-0.52	179.00
1984-05-01	43.27	2.86	47.67	2.29	201.00
1984-06-01	106.81	6.97	130.14	6.40	536.00
1984-07-01	163.25	8.15	176.65	7.32	1180.00
1984-08-01	34.64	6.49	53.97	5.98	658.00
1984-09-01	51.38	4.89	71.60	3.81	380.00
1984-10-01	30.61	1.40	33.29	0.91	252.00
1984-11-01	4.92	-6.90	4.42	-7.40	176.00
1984-12-01	2.66	-8.13	2.55	-7.92	122.00
1985-01-01	6.51	-11.92	5.83	-11.48	96.00
1985-02-01	2.85	-10.93	3.51	-9.92	78.00
1985-03-01	11.43	-3.97	10.51	-3.45	97.00
1985-04-01	21.20	-1.30	24.48	-1.47	141.00
1985-05-01	61.79	3.77	65.75	2.56	287.00
1985-06-01	156.02	6.40	177.11	5.18	1080.00
1985-07-01	129.27	7.37	146.34	6.31	1370.00
1985-08-01	117.36	9.08	123.33	7.83	1060.00
1985-09-01	112.10	4.93	128.89	4.02	1510.00
1985-10-01	26.25	-1.02	27.65	-1.28	719.00
1985-11-01	6.25	-8.76	5.73	-9.30	342.00
1985-12-01	3.71	-11.60	3.29	-10.86	214.00
1986-01-01	3.05	-12.58	2.97	-11.42	165.00
1986-02-01	3.45	-10.29	4.03	-9.35	142.00
1986-03-01	7.60	-6.24	6.96	-6.07	137.00
1986-04-01	32.08	-1.55	30.68	-2.22	182.00
1986-05-01	32.93	3.52	38.49	2.70	405.00
1986-06-01	90.56	7.04	107.20	6.44	513.00
1986-07-01	76.57	8.61	93.78	7.87	546.00
1986-08-01	91.49	7.51	107.70	6.80	373.00
1986-09-01	92.61	4.07	106.76	3.15	577.00
1986-10-01	27.89	-1.54	33.23	-2.41	406.00
1986-11-01	7.16	-5.65	5.87	-6.73	215.00
1986-12-01	5.64	-9.38	3.90	-9.80	138.00
1987-01-01	2.00	-11.20	2.40	-11.27	96.00
1987-02-01	10.54	-7.25	8.13	-7.24	92.00
1987-03-01	10.13	-5.04	9.64	-5.08	99.00
1987-04-01	24.97	-0.94	24.03	-1.45	177.00
1987-05-01	36.01	2.94	41.68	2.07	265.00
1987-06-01	84.18	8.48	100.63	7.62	431.00
1987-07-01	150.98	8.99	169.58	7.70	960.00
1987-08-01	126.63	7.13	150.48	5.81	1210.00
1987-09-01	119.95	4.94	135.91	3.65	888.00
1987-10-01	23.82	-0.03	26.14	-1.24	618.00
1987-11-01	3.30	-4.90	3.28	-5.66	270.00
1987-12-01	9.92	-11.65	7.69	-11.81	164.00
1988-01-01	4.59	-11.13	4.40	-10.85	139.00
1988-02-01	9.57	-7.07	9.94	-7.08	121.00
1988-03-01	16.42	-4.43	13.89	-4.40	130.00
1988-04-01	24.91	-1.06	24.47	-1.28	205.00
1988-05-01	62.99	3.50	71.47	2.46	392.00
1988-06-01	92.75	7.07	114.56	6.12	723.00
1988-07-01	115.14	9.28	135.10	8.15	908.00
1988-08-01	104.19	8.55	114.08	7.48	942.00
1988-09-01	107.02	5.52	115.20	4.20	1097.00
1988-10-01	15.90	2.31	19.06	1.39	488.00
1988-11-01	7.08	-5.78	5.90	-6.43	267.00
1988-12-01	1.90	-8.97	2.13	-9.40	169.00
1989-01-01	4.95	-11.95	4.15	-12.01	136.00
1989-02-01	6.63	-9.07	6.68	-8.57	123.00
1989-03-01	9.48	-4.73	7.82	-3.88	129.00
1989-04-01	20.87	-2.15	22.77	-2.13	148.00
1989-05-01	73.29	3.56	75.78	3.21	323.00
1989-06-01	123.60	7.43	135.91	6.55	890.00
1989-07-01	107.20	9.21	121.37	8.10	1110.00
1989-08-01	124.78	7.90	134.92	6.88	955.00
1989-09-01	99.46	6.82	118.74	5.46	960.00
1989-10-01	44.66	0.99	47.92	-0.43	652.00
1989-11-01	13.80	-6.11	10.15	-6.76	324.00
1989-12-01	6.89	-12.82	4.95	-12.91	187.00
1990-01-01	3.00	-9.75	2.92	-9.17	155.00
1990-02-01	8.44	-8.89	8.19	-8.45	138.00
1990-03-01	12.30	-6.53	9.55	-6.55	134.00
1990-04-01	24.65	-2.15	22.18	-2.46	213.00
1990-05-01	60.30	2.07	68.12	1.35	532.00
1990-06-01	107.10	6.28	126.50	4.95	1140.00
1990-07-01	125.11	8.55	144.13	7.52	1050.00
1990-08-01	76.26	7.71	94.89	6.74	916.00
1990-09-01	87.44	4.87	105.91	3.53	869.00
1990-10-01	55.27	-0.48	51.92	-1.23	640.00
1990-11-01	2.13	-5.36	2.44	-6.08	324.00
1990-12-01	1.81	-9.36	1.80	-9.90	196.00
1991-01-01	8.11	-14.33	8.29	-13.54	156.00
1991-02-01	6.71	-7.51	6.60	-6.98	143.00
1991-03-01	14.35	-4.32	11.57	-4.00	150.00
1991-04-01	27.21	-1.44	27.35	-1.35	181.00
1991-05-01	34.49	3.58	42.55	3.11	431.00
1991-06-01	119.36	7.09	138.83	6.26	724.00
1991-07-01	143.88	9.24	158.55	8.49	1290.00
1991-08-01	141.19	7.59	153.51	6.73	1760.00
1991-09-01	66.84	4.50	88.14	3.87	888.00
1991-10-01	13.04	0.05	15.72	0.07	450.00
1991-11-01	8.25	-7.28	6.34	-7.17	283.00
1991-12-01	6.15	-10.94	4.71	-10.81	194.00
1992-01-01	4.22	-13.19	3.21	-12.52	141.00
1992-02-01	8.80	-12.35	7.48	-11.48	129.00
1992-03-01	8.24	-4.96	7.69	-4.44	137.00
1992-04-01	12.58	-0.37	13.95	-0.56	233.00
1992-05-01	54.29	2.76	59.51	2.41	277.00
1992-06-01	112.40	6.10	130.34	5.68	573.00
1992-07-01	88.55	7.00	104.21	6.55	940.00
1992-08-01	66.14	7.57	90.30	7.26	509.00
1992-09-01	70.96	5.63	84.05	5.16	540.00
1992-10-01	26.31	-1.69	27.92	-1.64	317.00
1992-11-01	3.00	-7.97	3.05	-8.14	198.00
1992-12-01	3.82	-12.05	2.81	-11.71	128.00
1993-01-01	10.45	-13.86	10.46	-12.39	104.00
1993-02-01	6.12	-8.68	6.03	-8.08	94.00
1993-03-01	10.40	-6.17	8.47	-5.50	98.00
1993-04-01	21.38	-1.27	21.42	-1.37	170.00
1993-05-01	44.01	2.81	48.93	2.57	294.00
1993-06-01	110.15	5.64	129.28	5.12	590.00
1993-07-01	143.78	8.27	161.83	7.46	1260.00
1993-08-01	168.91	7.58	172.49	7.09	1560.00
1993-09-01	90.62	4.06	107.68	3.51	911.00
1993-10-01	25.40	-0.75	27.83	-0.62	608.00
1993-11-01	1.67	-5.76	2.16	-5.92	301.00
1993-12-01	1.96	-9.83	2.02	-9.24	183.00
1994-01-01	7.74	-9.85	11.66	-9.16	140.00
1994-02-01	7.77	-9.67	7.64	-9.41	121.00
1994-03-01	10.83	-6.32	8.63	-5.42	123.00
1994-04-01	27.87	-1.09	26.38	-1.40	180.00
1994-05-01	61.52	3.38	69.48	2.75	427.00
1994-06-01	110.95	6.19	129.91	5.62	885.00
1994-07-01	47.79	8.05	71.07	7.36	469.00
1994-08-01	67.55	8.31	82.15	7.85	356.00
1994-09-01	72.03	7.20	83.62	6.61	464.00
1994-10-01	16.81	-0.56	19.91	-0.69	221.00
1994-11-01	9.07	-7.05	6.33	-7.09	142.00
1994-12-01	1.63	-10.55	1.90	-10.08	92.00
1995-01-01	9.90	-13.46	6.58	-12.68	83.00
1995-02-01	8.97	-11.62	9.32	-10.10	76.00
1995-03-01	19.44	-5.38	16.60	-4.62	95.00
1995-04-01	28.38	-2.37	25.68	-1.91	151.00
1995-05-01	30.98	5.22	38.99	5.24	519.00
1995-06-01	106.63	8.05	130.16	7.68	411.00
1995-07-01	123.04	8.05	142.24	7.34	822.00
1995-08-01	102.92	7.01	114.55	6.60	740.00
1995-09-01	82.95	5.83	100.79	4.93	768.00
1995-10-01	35.60	-0.08	35.89	-0.10	474.00
1995-11-01	16.95	-6.18	13.32	-5.56	256.00
1995-12-01	10.04	-11.84	8.66	-10.64	147.00
1996-01-01	9.58	-12.75	6.44	-12.39	122.00
1996-02-01	8.46	-8.75	9.20	-8.20	109.00
1996-03-01	13.47	-3.95	9.67	-3.63	123.00
1996-04-01	20.52	-0.60	22.04	-0.52	292.00
1996-05-01	59.63	3.15	64.82	2.76	319.00
1996-06-01	97.97	6.00	115.79	5.63	558.00
1996-07-01	130.06	8.55	141.37	7.96	1110.00
1996-08-01	62.46	8.59	81.72	7.81	672.00
1996-09-01	101.47	4.11	123.58	3.65	870.00
1996-10-01	51.07	-0.36	49.33	-0.53	635.00
1996-11-01	5.97	-6.58	4.08	-5.89	315.00
1996-12-01	0.05	-10.86	0.87	-9.92	167.00
1997-01-01	2.50	-12.96	2.31	-12.28	119.00
1997-02-01	10.11	-12.08	8.06	-10.86	100.00
1997-03-01	17.36	-5.35	13.64	-4.99	130.00
1997-04-01	19.95	-2.89	15.24	-3.01	171.00
1997-05-01	51.71	2.53	53.21	2.32	426.00
1997-06-01	114.14	5.48	130.51	5.04	821.00
1997-07-01	86.71	8.00	100.72	7.28	1020.00
1997-08-01	63.78	7.74	78.62	7.00	526.00
1997-09-01	76.04	3.81	102.53	3.37	527.00
1997-10-01	35.05	-2.78	30.80	-2.81	371.00
1997-11-01	12.30	-8.02	11.17	-7.90	211.00
1997-12-01	7.08	-13.57	6.29	-12.47	141.00
1998-01-01	2.88	-12.09	2.91	-11.62	99.00
1998-02-01	11.38	-9.09	9.64	-9.38	97.00
1998-03-01	16.11	-5.66	15.27	-5.40	110.00
1998-04-01	16.55	-0.47	15.54	-0.91	304.00
1998-05-01	36.45	4.71	41.47	4.32	493.00
1998-06-01	120.21	8.05	137.06	7.47	469.00
1998-07-01	149.32	8.70	164.27	8.50	1110.00
1998-08-01	159.68	7.76	172.68	7.27	1390.00
1998-09-01	61.55	5.74	77.76	5.14	1090.00
1998-10-01	65.32	0.35	64.91	0.11	588.00
1998-11-01	11.47	-5.40	9.97	-5.59	404.00
1998-12-01	3.62	-10.73	2.94	-10.12	189.00
1999-01-01	3.11	-10.99	3.38	-10.55	134.00
1999-02-01	8.15	-5.85	8.52	-5.21	131.00
1999-03-01	8.79	-3.34	7.28	-2.54	144.00
1999-04-01	9.08	1.04	10.38	1.71	173.00
1999-05-01	82.85	3.25	79.40	3.22	195.00
1999-06-01	163.90	7.65	178.45	7.53	1110.00
1999-07-01	77.53	8.12	94.77	7.39	999.00
1999-08-01	117.20	7.74	129.09	6.92	918.00
1999-09-01	62.24	5.52	80.15	4.94	768.00
1999-10-01	71.80	-0.65	67.18	-0.45	479.00
1999-11-01	10.44	-6.49	8.28	-6.07	295.00
1999-12-01	2.09	-12.26	1.90	-11.44	179.00
2000-01-01	4.99	-12.05	4.05	-11.57	126.00
2000-02-01	9.75	-11.00	7.42	-10.26	116.00
2000-03-01	11.99	-6.81	11.12	-6.38	122.00
2000-04-01	39.89	-2.08	39.18	-2.10	262.00
2000-05-01	61.48	3.03	68.81	2.58	515.00
2000-06-01	106.91	7.45	122.94	7.01	1010.00
2000-07-01	104.90	9.58	124.29	8.57	1060.00
2000-08-01	130.96	7.14	150.28	6.65	1050.00
2000-09-01	99.00	4.30	118.41	3.88	1310.00
2000-10-01	22.72	-0.21	23.97	-0.61	560.00
2000-11-01	6.44	-6.30	5.71	-5.76	309.00
2000-12-01	4.57	-11.02	2.96	-10.31	195.00
2001-01-01	7.17	-11.28	7.17	-10.57	132.00
2001-02-01	4.95	-7.95	4.77	-6.96	126.00
2001-03-01	14.61	-6.61	11.29	-6.01	118.00
2001-04-01	27.75	-1.74	28.98	-1.88	167.00
2001-05-01	69.38	1.63	73.77	1.29	266.00
2001-06-01	112.53	5.74	134.92	4.91	1184.00
2001-07-01	95.75	9.56	115.62	8.60	886.00
2001-08-01	122.02	7.67	128.59	7.20	920.00
2001-09-01	82.56	6.17	99.49	5.64	1018.00
2001-10-01	33.07	0.08	32.13	-0.43	454.00
2001-11-01	5.49	-5.95	4.04	-5.76	275.00
2001-12-01	5.15	-9.86	3.76	-9.06	182.00
2002-01-01	10.92	-12.42	7.27	-11.74	126.00
2002-02-01	5.40	-7.52	6.60	-7.22	120.00
2002-03-01	7.00	-5.62	6.82	-4.99	118.00
2002-04-01	18.08	0.20	18.39	-0.03	172.00
2002-05-01	49.55	2.08	53.37	1.76	191.00
2002-06-01	110.69	7.10	122.57	6.78	715.00
2002-07-01	124.33	9.52	139.55	8.86	989.00
2002-08-01	64.38	7.79	79.56	7.15	557.00
2002-09-01	80.63	5.34	96.68	5.02	421.00
2002-10-01	27.27	-1.90	29.98	-2.02	366.00
2002-11-01	10.41	-7.36	7.94	-6.63	220.00
2002-12-01	1.29	-9.28	1.69	-8.49	149.00
2003-01-01	2.86	-10.72	3.44	-10.28	115.00
2003-02-01	7.31	-8.27	7.59	-8.22	116.00
2003-03-01	8.11	-4.82	7.66	-4.57	125.00
2003-04-01	8.88	0.19	10.57	0.19	191.00
2003-05-01	53.61	2.09	63.20	1.56	256.00
2003-06-01	140.21	6.14	151.13	5.77	821.00
2003-07-01	119.44	8.17	136.26	7.33	1102.00
2003-08-01	145.76	8.97	165.73	8.46	1089.00
2003-09-01	92.89	5.64	111.03	5.03	1297.00
2003-10-01	35.06	1.00	37.28	1.07	513.00
2003-11-01	3.49	-5.35	3.17	-4.81	277.00
2003-12-01	5.04	-9.34	3.41	-8.39	199.00
2004-01-01	5.57	-11.15	4.72	-10.15	158.00
2004-02-01	3.39	-9.45	4.47	-8.93	145.00
2004-03-01	7.03	-3.27	6.28	-2.65	189.00
2004-04-01	26.66	-0.69	25.37	-0.66	212.00
2004-05-01	58.66	3.30	60.35	3.37	278.00
2004-06-01	120.81	5.92	138.99	5.25	653.00
2004-07-01	150.60	7.87	166.79	7.00	1230.00
2004-08-01	103.48	8.51	109.76	8.05	979.00
2004-09-01	75.77	5.57	89.83	5.09	621.00
2004-10-01	46.05	-0.89	44.62	-1.09	433.00
2004-11-01	7.48	-7.81	5.29	-7.56	258.00
2004-12-01	2.68	-9.34	2.50	-8.74	183.00
2005-01-01	6.06	-9.70	5.39	-9.14	155.00
2005-02-01	12.83	-8.00	10.75	-7.50	135.00
2005-03-01	23.10	-4.31	15.95	-3.93	149.00
2005-04-01	26.96	-1.11	29.88	-1.03	223.00
2005-05-01	45.24	2.68	52.65	2.13	386.00
2005-06-01	103.69	6.66	131.68	6.14	1010.00
2005-07-01	135.21	9.26	133.28	8.98	955.00
2005-08-01	155.19	8.92	159.53	8.36	1750.00
2005-09-01	65.19	6.25	77.99	5.83	980.00
2005-10-01	47.33	-0.15	50.50	-0.36	561.00
2005-11-01	7.22	-6.45	4.90	-6.22	319.00
2005-12-01	0.87	-10.01	1.22	-9.27	184.00
2006-01-01	0.43	-7.06	1.32	-6.16	150.00
2006-02-01	8.05	-5.85	8.14	-5.14	141.00
2006-03-01	20.33	-5.20	19.00	-4.63	133.00
2006-04-01	17.34	-1.33	19.64	-1.11	170.00
2006-05-01	65.57	3.03	72.78	2.41	304.00
2006-06-01	113.95	7.36	145.22	6.99	1060.00
2006-07-01	75.18	10.38	91.21	9.75	707.00
2006-08-01	67.19	9.29	87.46	8.80	496.00
2006-09-01	72.49	5.95	91.66	5.48	504.00
2006-10-01	37.57	-0.86	40.18	-1.22	434.00
2006-11-01	10.99	-6.45	7.70	-6.25	227.00
2006-12-01	4.85	-10.31	3.75	-9.23	148.00
2007-01-01	1.93	-10.93	1.93	-9.59	131.00
2007-02-01	6.44	-9.47	5.46	-8.73	126.00
2007-03-01	11.17	-4.19	9.33	-3.63	136.00
2007-04-01	19.55	-0.36	21.01	-0.23	189.00
2007-05-01	51.31	4.44	62.63	4.14	265.00
2007-06-01	83.11	5.93	108.36	5.62	496.00
2007-07-01	111.05	8.77	135.40	8.42	730.00
2007-08-01	105.62	9.35	118.88	8.87	834.00
2007-09-01	68.59	5.76	88.10	5.24	1080.00
2007-10-01	24.70	1.84	26.15	2.29	416.00
2007-11-01	6.70	-7.05	4.85	-6.25	238.00
2007-12-01	5.31	-9.06	3.98	-8.47	150.00
2008-01-01	8.07	-8.84	12.60	-7.97	130.00
2008-02-01	7.46	-11.80	7.92	-10.55	128.00
2008-03-01	16.73	-5.49	13.18	-5.12	135.00
2008-04-01	15.93	-0.60	20.07	-0.59	239.00
2008-05-01	72.22	4.14	85.07	3.79	437.00
2008-06-01	94.10	6.20	115.27	5.72	708.00
2008-07-01	131.87	8.76	136.55	8.44	900.00
2008-08-01	134.69	7.29	144.52	6.81	1090.00
2008-09-01	73.82	5.70	93.45	5.28	1010.00
2008-10-01	58.05	-1.20	58.10	-1.43	698.00
2008-11-01	3.04	-6.88	3.07	-6.46	367.00
2008-12-01	1.37	-9.02	1.86	-8.64	211.00
2009-01-01	2.30	-9.19	2.72	-8.34	161.00
2009-02-01	4.66	-6.41	6.06	-6.12	151.00
2009-03-01	12.81	-4.45	10.07	-4.14	147.00
2009-04-01	16.19	0.78	16.93	0.71	250.00
2009-05-01	58.31	3.30	61.33	3.26	319.00
2009-06-01	99.70	7.80	125.24	7.43	741.00
2009-07-01	155.41	9.88	164.04	9.62	1210.00
2009-08-01	126.65	7.99	142.53	7.58	1710.00
2009-09-01	52.02	6.84	68.80	6.16	904.00
2009-10-01	45.04	0.33	43.66	0.68	562.00
2009-11-01	9.09	-5.34	12.47	-4.97	326.00
2009-12-01	3.55	-9.87	3.12	-9.10	201.00
2010-01-01	2.04	-9.88	2.26	-9.53	166.00
2010-02-01	3.19	-6.87	3.46	-6.35	157.00
2010-03-01	8.15	-3.54	5.98	-2.87	164.00
2010-04-01	15.50	-0.53	16.87	-0.41	182.00
2010-05-01	70.06	4.14	79.17	3.54	245.00
2010-06-01	104.50	7.00	130.79	6.51	562.00
2010-07-01	109.10	10.58	125.38	10.03	1040.00
2010-08-01	124.70	9.70	134.03	9.00	676.00
2010-09-01	84.87	6.40	102.23	5.74	937.00
2010-10-01	42.99	-0.04	42.47	-0.25	526.00
2010-11-01	7.87	-6.07	7.22	-5.39	278.00
2010-12-01	0.79	-11.49	1.26	-10.51	169.00
2011-01-01	6.72	-11.55	5.71	-10.93	145.00
2011-02-01	6.56	-7.37	6.53	-7.04	143.00
2011-03-01	15.17	-5.79	12.05	-5.29	145.00
2011-04-01	31.38	-0.64	31.72	-0.95	238.00
2011-05-01	66.72	3.54	69.40	3.22	396.00
2011-06-01	109.16	6.74	126.97	6.34	980.00
2011-07-01	138.58	8.75	156.64	8.28	1290.00
2011-08-01	72.29	8.06	84.08	7.53	1080.00
2011-09-01	104.12	6.25	120.20	6.09	643.00
2011-10-01	36.28	-0.27	36.68	-0.66	597.00
2011-11-01	11.66	-5.67	7.83	-6.12	332.00
2011-12-01	1.24	-8.93	1.41	-8.07	202.00
2012-01-01	9.09	-11.85	7.75	-11.08	150.00
2012-02-01	7.96	-7.18	7.38	-6.53	141.00
2012-03-01	14.83	-5.38	16.00	-4.78	167.00
2012-04-01	39.71	-1.39	39.57	-1.56	251.00
2012-05-01	46.64	4.22	49.03	3.94	709.00
2012-06-01	136.44	7.26	157.65	6.79	1270.00
2012-07-01	159.37	9.35	174.70	9.16	1740.00
2012-08-01	115.42	8.92	121.51	8.47	970.00
2012-09-01	64.19	5.21	79.05	4.70	756.00
2012-10-01	45.15	-0.85	45.16	-0.94	663.00
2012-11-01	1.14	-6.42	2.65	-5.98	361.00
2012-12-01	3.85	-9.74	3.69	-8.79	227.00
2013-01-01	4.85	-11.22	4.49	-10.54	162.00
2013-02-01	8.75	-6.52	9.61	-6.22	157.00
2013-03-01	9.30	-4.08	7.46	-3.79	170.00
2013-04-01	30.08	-1.11	23.31	-1.17	209.00
2013-05-01	74.74	3.09	78.37	2.70	440.00
2013-06-01	94.24	8.20	139.33	7.81	930.00
2013-07-01	160.67	9.59	166.89	9.10	1350.00
2013-08-01	48.83	9.31	57.29	8.60	715.00
2013-09-01	99.38	4.41	128.91	4.05	1060.00
2013-10-01	55.08	-0.50	56.16	-0.60	705.00
2013-11-01	5.79	-7.32	6.03	-6.18	403.00
2013-12-01	2.07	-11.19	2.90	-10.15	226.00
2014-01-01	3.53	-11.06	4.99	-9.52	167.00
2014-02-01	4.52	-8.26	9.39	-7.09	153.00
2014-03-01	16.90	-4.92	9.99	-4.25	166.00
2014-04-01	21.50	-0.71	19.14	-0.87	223.00
2014-05-01	51.99	3.62	53.22	3.46	418.00
2014-06-01	154.13	7.32	191.88	6.73	1180.00
2014-07-01	94.65	9.11	114.83	8.71	1140.00
2014-08-01	141.25	7.41	144.40	7.34	1880.00
2014-09-01	111.52	5.65	120.69	5.26	1730.00
2014-10-01	13.47	0.05	19.96	-0.20	913.00
2014-11-01	1.87	-5.56	4.51	-4.77	479.00
2014-12-01	9.53	-10.52	9.99	-8.88	311.00
2015-01-01	9.01	-12.82	7.66	-11.70	247.00
2015-02-01	2.50	-8.55	4.73	-7.81	221.00
2015-03-01	10.81	-3.81	11.56	-2.93	235.00
2015-04-01	32.25	-1.11	34.16	-1.15	265.00
2015-05-01	77.58	3.30	80.67	2.79	500.00
2015-06-01	103.83	7.09	145.11	6.80	995.00
2015-07-01	63.94	8.00	85.96	7.14	766.00
2015-08-01	113.21	7.50	108.84	7.24	684.00
2015-09-01	81.04	6.40	112.71	6.58	910.00
2015-10-01	15.61	0.15	20.02	0.08	496.00
2015-11-01	1.25	-5.04	4.43	-4.16	291.00
2015-12-01	0.74	-11.04	2.61	-9.30	205.00
2016-01-01	6.44	-12.43	3.69	-10.93	150.00
2016-02-01	4.46	-8.50	4.63	-7.09	144.00
2016-03-01	12.82	-4.60	13.90	-4.07	155.00
2016-04-01	28.11	-0.70	27.49	-0.40	213.00
2016-05-01	52.14	3.50	53.49	3.89	281.00
2016-06-01	100.01	7.08	124.58	7.04	529.00
2016-07-01	124.90	9.10	137.23	8.68	1190.00
2016-08-01	39.83	9.91	51.91	10.18	574.00
2016-09-01	110.71	5.17	123.31	4.74	670.00
2016-10-01	58.09	0.96	54.65	0.79	676.00
2016-11-01	0.40	-5.13	2.21	-3.83	371.00
2016-12-01	0.28	-8.62	2.44	-7.12	241.00
2017-01-01	5.36	-10.72	6.04	-9.97	170.00
2017-02-01	3.95	-7.38	5.35	-6.16	165.00
2017-03-01	13.00	-5.88	10.88	-4.84	161.00
2017-04-01	37.30	-0.78	35.88	-0.07	239.00
2017-05-01	56.47	2.95	62.51	2.91	319.00
2017-06-01	150.00	6.21	178.37	5.63	1330.00
2017-07-01	90.52	9.37	113.13	8.82	1570.00
2017-08-01	119.84	9.00	112.41	8.93	935.00
2017-09-01	97.18	6.55	104.73	6.18	1210.00
2017-10-01	44.71	1.45	45.10	1.87	663.00
2017-11-01	6.15	-6.05	7.82	-5.02	369.00
2017-12-01	0.93	-8.66	2.63	-6.94	240.00
2018-01-01	1.30	-10.14	4.46	-8.01	258.00
2018-02-01	6.12	-7.91	6.96	-6.03	242.00
2018-03-01	12.03	-5.00	9.36	-4.41	243.00
2018-04-01	18.46	-0.60	21.23	-0.45	292.00
2018-05-01	48.42	3.76	56.41	3.53	347.00
2018-06-01	105.75	7.42	130.59	7.17	808.00
2018-07-01	132.87	9.69	133.86	9.29	1504.00
2018-08-01	115.61	8.96	114.91	8.69	1178.00
2018-09-01	119.49	6.32	101.34	6.05	1524.00
2018-10-01	41.99	-1.56	35.33	-2.15	865.00
2018-11-01	17.42	-6.79	6.00	-6.53	435.00
2018-12-01	11.11	-11.00	3.52	-9.62	268.00
2019-01-01	6.90	-11.30			191.00
2019-02-01	12.34	-7.87			176.00
2019-03-01	22.00	-6.10			181.00
2019-04-01	24.49	0.04			531.00
2019-05-01	70.10	3.56			664.00
2019-06-01	85.26	7.49			927.00
2019-07-01	112.98	8.20			1228.00
2019-08-01	95.45	8.95			802.00
2019-09-01	122.57	5.77			937.00
2019-10-01	45.83	0.27			587.00
2019-11-01	11.78	-4.21			358.00
2019-12-01	7.27	-12.37			199.00
2020-01-01	15.55	-11.82			195.00
2020-02-01	9.59	-9.92			180.00
2020-03-01	8.96	-4.80			170.00
2020-04-01	29.09	-1.85			273.00
2020-05-01	56.46	2.39			461.00
2020-06-01	114.77	7.18			1443.00
2020-07-01	145.58	9.10			1983.00
2020-08-01	100.85	8.75			1387.00
2020-09-01	75.19	6.72			1030.00
2020-10-01	11.56	2.05			751.00
2020-11-01	8.70	-5.28			404.00
2020-12-01	0.12	-9.81			251.00
2021-01-01	1.76	-10.62			206.00
2021-02-01	3.49	-8.40			186.00
2021-03-01	7.70	-3.66			189.00
2021-04-01	18.60	-0.93			201.00
2021-05-01	90.83	3.40			462.00
2021-06-01	102.04	8.02			1186.00
2021-07-01	96.17	9.42			1049.00
2021-08-01	142.44	8.62			1287.00
2021-09-01	65.51	5.73			1259.00
2021-10-01	44.47	2.27			767.00
2021-11-01	5.27	-6.62			424.00
2021-12-01	7.23	-10.48			261.00
2022-01-01	6.86	-12.58			193.00
2022-02-01	7.05	-11.55			179.00
2022-03-01	9.26	-3.04			241.00
2022-04-01	28.09	-0.82			245.00
2022-05-01	68.46	3.61			423.00
2022-06-01	122.15	7.35			1033.00
2022-07-01	62.03	9.82			582.00
2022-08-01	76.12	9.52			505.00
2022-09-01	106.89	5.52			701.00
2022-10-01	59.18	0.67			1079.00
2022-11-01	3.41	-5.50			485.00
2022-12-01	4.16	-10.28			248.00
2023-01-01	3.77	-10.75			190.00
2023-02-01	7.20	-7.38			187.00
2023-03-01	13.09	-4.88			177.00
2023-04-01	12.42	-0.70			247.00
2023-05-01	48.42	3.14			417.00
2023-06-01	126.06	6.77			917.00
2023-07-01	124.30	9.14			1254.00
2023-08-01	129.98	8.95			1433.00
2023-09-01	86.27	6.66			1008.00
2023-10-01	31.59	0.21			757.00
2023-11-01	6.48	-6.31			431.00
2023-12-01	3.54	-9.75			248.00
2024-01-01	4.12	-11.75			179.00
2024-02-01	11.13	-9.23			174.00
2024-03-01	10.87	-4.52			192.00
2024-04-01	34.04	-0.25			296.00
2024-05-01	50.93	3.67			678.00
2024-06-01	126.27	7.00			1258.00
2024-07-01	170.45	9.88			1703.00
2024-08-01	25.21	9.59			979.00
2024-09-01	87.43	7.07			666.00
2024-10-01	45.64	1.05			595.00
2024-11-01	4.61	-5.28			446.67
2024-12-01	3.36	-9.75			252.33
