Time	pre_cru	tem_cru	pre_cn05	tem_cn05	runoff
1961-01-01	4.27	-12.89	5.25	-13.52	274
1961-02-01	6.56	-11.32	6.84	-11.92	283
1961-03-01	16.58	-5.72	16.45	-6.02	413
1961-04-01	22.51	0.84	25.08	0.29	767
1961-05-01	37.80	3.79	44.13	3.70	1040
1961-06-01	93.50	8.95	100.31	8.74	1150
1961-07-01	84.01	10.80	94.57	10.64	2520
1961-08-01	142.43	9.90	145.57	9.51	2010
1961-09-01	74.50	5.15	81.49	4.26	2080
1961-10-01	72.25	1.35	67.00	0.79	2400
1961-11-01	11.51	-7.48	11.40	-7.90	1360
1961-12-01	3.13	-13.98	5.05	-14.46	592
1962-01-01	3.92	-14.68	4.40	-15.42	389
1962-02-01	2.94	-10.45	4.49	-10.64	401
1962-03-01	3.81	-7.05	5.81	-7.62	400
1962-04-01	9.94	0.20	14.57	0.04	604
1962-05-01	46.23	3.93	47.08	3.68	779
1962-06-01	53.71	7.57	58.59	7.04	1370
1962-07-01	111.00	10.01	114.49	9.63	2050
1962-08-01	64.30	9.11	71.60	8.60	1700
1962-09-01	62.66	6.20	57.42	5.42	1150
1962-10-01	35.92	0.47	39.47	-0.19	1350
1962-11-01	6.56	-7.37	10.19	-7.89	747
1962-12-01	1.83	-12.04	5.01	-12.57	378
1963-01-01	0.40	-15.17	2.74	-15.93	228
1963-02-01	1.14	-11.08	3.77	-11.61	265
1963-03-01	9.04	-4.87	9.28	-5.35	339
1963-04-01	22.95	0.68	23.81	0.72	479
1963-05-01	72.66	5.34	69.41	5.44	890
1963-06-01	71.06	7.01	72.97	6.77	1170
1963-07-01	109.59	9.80	107.78	9.37	2300
1963-08-01	74.13	9.80	80.75	9.28	1810
1963-09-01	90.12	6.86	94.96	6.38	2970
1963-10-01	21.09	-0.29	22.68	-1.11	2450
1963-11-01	7.70	-7.39	9.01	-7.90	927
1963-12-01	1.14	-12.54	3.40	-13.17	458
1964-01-01	7.29	-13.82	6.44	-14.73	337
1964-02-01	6.75	-10.96	7.80	-11.14	325
1964-03-01	8.41	-4.48	10.23	-4.71	416
1964-04-01	30.02	2.35	29.91	2.16	760
1964-05-01	84.88	4.40	74.95	4.50	1340
1964-06-01	78.29	6.73	79.61	6.44	1460
1964-07-01	131.43	9.58	129.06	9.26	3270
1964-08-01	101.78	9.04	102.12	8.64	2680
1964-09-01	93.19	6.14	90.17	5.63	2530
1964-10-01	24.11	1.80	26.38	1.37	2200
1964-11-01	1.57	-6.84	4.25	-7.25	1040
1964-12-01	1.34	-11.95	3.33	-12.61	536
1965-01-01	0.47	-12.28	1.69	-12.92	389
1965-02-01	4.07	-9.91	5.73	-10.33	407
1965-03-01	7.28	-6.43	8.82	-6.65	408
1965-04-01	26.80	0.62	29.11	0.49	673
1965-05-01	48.57	4.66	49.01	4.38	969
1965-06-01	72.02	7.38	74.62	7.05	1240
1965-07-01	89.08	9.43	95.10	9.06	2100
1965-08-01	63.56	8.29	68.73	7.58	1220
1965-09-01	49.41	5.49	57.57	4.69	1450
1965-10-01	39.72	0.14	35.09	-0.78	1200
1965-11-01	6.01	-7.32	6.00	-8.07	640
1965-12-01	3.01	-12.96	3.05	-13.47	317
1966-01-01	1.19	-11.91	2.04	-12.41	277
1966-02-01	3.72	-8.73	5.25	-9.73	295
1966-03-01	7.26	-3.45	8.39	-3.84	357
1966-04-01	16.96	0.62	18.32	0.59	457
1966-05-01	48.93	4.44	51.27	4.30	563
1966-06-01	44.60	7.74	51.92	7.38	664
1966-07-01	116.74	10.51	117.26	10.12	1600
1966-08-01	99.62	10.56	97.34	9.94	2540
1966-09-01	91.40	4.89	90.36	3.99	3040
1966-10-01	29.57	-1.14	29.27	-1.66	2100
1966-11-01	4.91	-7.95	5.48	-8.64	927
1966-12-01	1.24	-11.03	1.87	-11.83	497
1967-01-01	2.94	-13.56	3.27	-14.14	340
1967-02-01	4.90	-11.09	6.14	-11.57	322
1967-03-01	15.63	-5.40	13.86	-5.80	409
1967-04-01	24.87	-0.61	25.31	-0.92	609
1967-05-01	107.49	5.01	95.30	4.93	2120
1967-06-01	88.31	6.61	89.05	6.35	1840
1967-07-01	110.34	9.83	108.93	9.60	3020
1967-08-01	155.41	9.72	149.32	9.46	2780
1967-09-01	94.53	5.27	97.90	4.55	4120
1967-10-01	30.76	-0.15	30.67	-0.83	2250
1967-11-01	8.54	-8.87	9.81	-9.00	825
1967-12-01	0.73	-13.53	1.32	-14.08	620
1968-01-01	3.66	-13.39	3.19	-13.71	882
1968-02-01	4.22	-12.82	4.19	-13.21	421
1968-03-01	15.38	-4.51	12.52	-5.09	529
1968-04-01	20.29	-0.26	20.48	-0.46	747
1968-05-01	49.98	4.23	51.86	3.79	1600
1968-06-01	72.11	7.42	76.82	7.00	1370
1968-07-01	84.25	9.19	87.94	8.66	1950
1968-08-01	99.45	8.23	104.68	7.75	1640
1968-09-01	93.00	6.16	98.61	5.56	2960
1968-10-01	31.90	-0.29	33.79	-0.89	1240
1968-11-01	5.02	-6.22	7.70	-6.96	701
1968-12-01	1.79	-9.31	1.91	-10.18	480
1969-01-01	4.71	-11.83	3.89	-12.48	401
1969-02-01	0.95	-9.70	2.67	-10.11	358
1969-03-01	7.23	-3.27	7.59	-3.81	409
1969-04-01	22.15	1.26	23.52	0.90	413
1969-05-01	59.79	6.09	59.66	5.76	899
1969-06-01	77.40	7.31	81.08	6.89	962
1969-07-01	76.57	10.16	80.84	9.77	1110
1969-08-01	83.68	9.08	86.49	8.56	1110
1969-09-01	82.38	5.83	84.23	5.15	640
1969-10-01	20.19	0.79	21.40	-0.05	554
1969-11-01	3.89	-7.55	5.01	-8.16	655
1969-12-01	0.97	-11.82	1.43	-12.63	639
1970-01-01	4.18	-13.79	3.66	-14.68	436
1970-02-01	5.31	-10.73	5.53	-11.08	459
1970-03-01	14.40	-6.61	13.60	-6.79	527
1970-04-01	30.16	-1.20	30.92	-1.64	593
1970-05-01	55.05	4.65	55.98	4.48	1160
1970-06-01	69.80	6.55	73.79	6.31	977
1970-07-01	95.09	10.57	97.04	10.05	859
1970-08-01	110.69	9.43	114.26	9.11	1650
1970-09-01	62.26	5.77	67.41	5.07	981
1970-10-01	17.69	-0.24	20.09	-1.18	795
1970-11-01	2.82	-7.23	3.67	-7.82	675
1970-12-01	0.79	-10.80	1.26	-11.46	444
1971-01-01	6.57	-13.85	5.16	-14.61	322
1971-02-01	3.35	-10.70	4.42	-11.15	376
1971-03-01	7.38	-4.07	7.45	-4.17	383
1971-04-01	26.56	1.14	27.27	0.90	789
1971-05-01	47.78	4.12	48.00	3.81	1210
1971-06-01	68.01	7.03	72.72	6.98	964
1971-07-01	90.14	11.12	87.11	10.85	1010
1971-08-01	96.81	9.69	93.73	9.19	871
1971-09-01	117.45	5.78	113.06	5.13	1120
1971-10-01	42.19	0.16	43.22	-0.67	2580
1971-11-01	7.63	-7.48	8.64	-8.43	762
1971-12-01	0.44	-11.56	1.10	-12.58	513
1972-01-01	0.90	-10.56	1.42	-11.10	526
1972-02-01	10.21	-10.88	9.00	-11.41	524
1972-03-01	8.34	-2.87	8.43	-3.53	492
1972-04-01	30.13	0.05	29.52	-0.39	800
1972-05-01	59.82	5.72	63.73	5.12	1120
1972-06-01	72.53	7.87	76.14	7.48	1500
1972-07-01	115.16	10.96	111.72	10.53	2230
1972-08-01	78.86	11.06	86.48	10.65	1640
1972-09-01	39.96	5.35	47.47	4.57	918
1972-10-01	12.22	-0.37	15.00	-1.16	509
1972-11-01	5.80	-7.74	5.90	-8.78	597
1972-12-01	2.44	-11.33	2.04	-11.89	485
1973-01-01	3.52	-11.97	3.15	-12.17	476
1973-02-01	2.70	-8.46	3.95	-8.89	479
1973-03-01	8.63	-3.65	9.77	-3.96	540
1973-04-01	27.79	1.09	27.54	0.82	591
1973-05-01	65.64	4.37	68.76	4.04	946
1973-06-01	85.79	6.66	85.69	6.15	1170
1973-07-01	93.83	9.69	92.31	9.04	1330
1973-08-01	108.18	9.73	110.58	9.25	1060
1973-09-01	51.38	6.20	57.07	5.43	1210
1973-10-01	47.46	0.36	46.74	-0.31	1400
1973-11-01	3.46	-7.15	4.73	-7.73	789
1973-12-01	1.47	-12.52	1.81	-13.00	588
1974-01-01	3.29	-12.67	2.92	-13.18	554
1974-02-01	4.34	-9.64	5.03	-10.55	570
1974-03-01	13.90	-5.75	13.30	-6.17	546
1974-04-01	17.13	1.13	19.92	0.77	718
1974-05-01	58.37	4.86	60.18	4.42	939
1974-06-01	76.10	8.13	78.67	7.87	1090
1974-07-01	92.31	9.78	93.16	9.23	1160
1974-08-01	82.14	9.18	82.75	8.58	1030
1974-09-01	80.33	5.20	85.70	4.75	1180
1974-10-01	38.80	1.00	40.39	0.20	1270
1974-11-01	5.27	-6.35	6.39	-6.31	887
1974-12-01	5.26	-12.36	4.05	-12.41	648
1975-01-01	5.79	-14.09	4.47	-14.07	635
1975-02-01	3.98	-9.83	5.66	-10.35	572
1975-03-01	5.43	-4.44	6.31	-4.61	557
1975-04-01	19.93	0.06	22.77	-0.18	627
1975-05-01	58.53	3.43	61.72	3.28	1000
1975-06-01	86.25	7.93	90.18	7.79	1170
1975-07-01	125.97	9.53	130.04	9.30	2450
1975-08-01	83.11	10.16	85.47	9.55	2370
1975-09-01	106.36	6.75	105.73	6.30	2080
1975-10-01	41.84	1.58	43.33	0.84	2530
1975-11-01	9.50	-6.77	8.56	-7.33	1280
1975-12-01	2.06	-13.46	2.07	-14.33	686
1976-01-01	1.56	-13.12	1.82	-13.65	654
1976-02-01	10.71	-8.72	9.91	-9.39	673
1976-03-01	10.16	-5.44	10.70	-5.92	547
1976-04-01	15.50	-0.23	19.84	-0.35	772
1976-05-01	59.24	4.09	64.44	3.82	1160
1976-06-01	97.51	7.18	100.71	6.89	1570
1976-07-01	107.95	7.92	106.33	7.61	2040
1976-08-01	136.10	7.99	145.59	7.65	3030
1976-09-01	65.55	5.32	69.59	4.61	2910
1976-10-01	17.32	0.27	18.94	-0.67	1280
1976-11-01	2.86	-7.15	3.51	-8.13	921
1976-12-01	0.61	-11.37	0.99	-12.08	738
1977-01-01	5.30	-12.74	4.85	-13.46	698
1977-02-01	4.71	-11.64	5.48	-12.17	638
1977-03-01	11.96	-5.31	12.72	-6.02	546
1977-04-01	33.12	0.16	35.79	-0.17	910
1977-05-01	43.42	2.89	48.69	2.70	1160
1977-06-01	62.60	6.92	69.13	6.55	1320
1977-07-01	95.23	9.95	96.01	9.77	1220
1977-08-01	72.29	9.28	80.60	8.66	1230
1977-09-01	71.59	6.93	74.71	6.02	1070
1977-10-01	31.89	0.01	31.86	-0.90	856
1977-11-01	11.46	-8.58	11.05	-9.23	650
1977-12-01	4.86	-11.93	3.87	-12.72	430
1978-01-01	2.09	-15.16	2.08	-15.44	400
1978-02-01	7.36	-10.58	6.65	-10.85	356
1978-03-01	19.99	-5.02	18.49	-5.52	391
1978-04-01	20.85	0.70	20.44	0.28	705
1978-05-01	44.45	5.27	45.74	5.07	1040
1978-06-01	77.34	7.51	83.90	7.23	966
1978-07-01	111.02	9.80	116.13	9.46	998
1978-08-01	108.99	9.59	123.56	9.16	1070
1978-09-01	81.72	5.11	88.33	4.38	2820
1978-10-01	45.52	0.31	45.83	-0.40	1520
1978-11-01	8.76	-6.90	8.59	-7.26	910
1978-12-01	0.55	-9.78	0.89	-10.30	629
1979-01-01	2.68	-11.48	2.94	-12.18	618
1979-02-01	4.18	-9.22	4.82	-9.84	638
1979-03-01	8.43	-5.84	8.97	-5.87	559
1979-04-01	19.17	1.61	20.54	1.26	728
1979-05-01	39.10	5.47	44.09	5.23	887
1979-06-01	63.84	8.19	69.54	7.80	614
1979-07-01	158.46	8.45	156.67	8.26	990
1979-08-01	120.24	9.78	136.34	9.39	2630
1979-09-01	75.14	4.82	76.88	4.28	2130
1979-10-01	16.75	-0.10	16.72	-0.97	1380
1979-11-01	3.13	-7.10	4.32	-7.76	889
1979-12-01	3.60	-11.04	3.33	-11.56	575
1980-01-01	3.55	-13.33	2.86	-13.74	497
1980-02-01	6.32	-10.04	6.87	-10.29	505
1980-03-01	13.41	-4.60	14.59	-4.83	514
1980-04-01	15.91	0.75	17.86	0.69	715
1980-05-01	40.59	4.81	46.55	4.73	747
1980-06-01	77.92	7.31	87.29	7.01	689
1980-07-01	101.11	9.60	107.56	9.21	1300
1980-08-01	88.71	8.74	95.43	8.32	1150
1980-09-01	72.58	5.61	78.55	4.87	1280
1980-10-01	19.82	-0.06	22.50	-0.62	1330
1980-11-01	0.72	-5.23	1.69	-5.93	759
1980-12-01	0.43	-10.92	0.84	-11.54	477
1981-01-01	6.27	-12.63	5.24	-13.04	529
1981-02-01	1.78	-8.66	2.65	-8.77	428
1981-03-01	15.98	-4.17	15.88	-4.71	496
1981-04-01	35.31	0.55	35.99	0.25	678
1981-05-01	38.18	4.97	39.05	4.64	1010
1981-06-01	89.63	8.90	96.95	8.54	1360
1981-07-01	111.12	11.38	119.25	10.93	1770
1981-08-01	120.04	10.54	123.54	10.22	1530
1981-09-01	112.75	5.69	122.93	4.85	4240
1981-10-01	15.38	0.00	20.20	-0.73	2100
1981-11-01	7.70	-7.84	8.72	-8.47	990
1981-12-01	2.67	-12.46	2.82	-13.19	695
1982-01-01	1.24	-10.62	1.48	-11.15	655
1982-02-01	7.35	-10.20	7.64	-10.40	640
1982-03-01	18.29	-4.56	16.22	-4.66	540
1982-04-01	30.54	-0.94	36.20	-1.54	906
1982-05-01	45.72	3.94	48.08	3.62	1210
1982-06-01	73.88	7.02	79.88	6.59	1670
1982-07-01	81.70	9.97	88.44	9.51	1830
1982-08-01	76.35	9.13	82.37	8.71	1250
1982-09-01	97.40	5.72	96.81	4.97	1490
1982-10-01	27.89	1.38	32.51	0.50	1900
1982-11-01	7.17	-6.67	7.75	-7.23	936
1982-12-01	3.58	-13.13	2.77	-13.99	617
1983-01-01	6.77	-14.77	5.09	-15.16	598
1983-02-01	3.91	-12.76	4.82	-12.95	464
1983-03-01	13.19	-6.55	13.70	-6.97	489
1983-04-01	27.18	-1.37	30.27	-1.55	779
1983-05-01	57.39	4.60	59.04	4.62	1210
1983-06-01	90.02	6.94	99.48	6.83	1430
1983-07-01	128.19	9.03	128.66	8.75	3220
1983-08-01	87.08	8.63	93.18	8.29	2440
1983-09-01	77.52	6.14	88.01	5.53	1220
1983-10-01	49.36	1.21	53.23	0.75	2280
1983-11-01	0.88	-6.60	1.61	-7.08	1170
1983-12-01	2.62	-11.77	2.33	-12.53	689
1984-01-01	5.04	-14.01	4.68	-14.72	712
1984-02-01	2.01	-8.92	3.40	-9.42	625
1984-03-01	7.27	-4.75	9.00	-5.12	586
1984-04-01	19.38	1.24	22.35	1.03	780
1984-05-01	72.76	4.05	73.32	3.81	984
1984-06-01	109.45	7.59	115.93	7.62	1370
1984-07-01	120.99	9.23	127.04	9.03	2870
1984-08-01	65.02	8.15	71.80	7.95	2110
1984-09-01	77.43	5.14	85.89	4.63	1140
1984-10-01	18.24	0.54	22.48	-0.15	1190
1984-11-01	4.29	-6.07	5.16	-6.48	813
1984-12-01	2.69	-10.78	2.52	-11.21	550
1985-01-01	4.25	-12.57	3.45	-13.05	608
1985-02-01	2.29	-10.37	3.42	-10.83	457
1985-03-01	9.21	-4.81	9.92	-5.29	448
1985-04-01	19.72	0.69	22.19	0.60	706
1985-05-01	83.92	5.06	82.20	4.97	954
1985-06-01	98.53	7.17	102.69	6.83	1310
1985-07-01	100.45	8.93	106.19	8.67	1560
1985-08-01	93.44	10.30	106.93	9.72	1290
1985-09-01	92.05	4.83	99.91	4.31	2860
1985-10-01	36.09	0.12	33.49	-0.25	1750
1985-11-01	3.14	-7.89	3.61	-8.75	814
1985-12-01	4.72	-11.55	3.42	-12.09	659
1986-01-01	1.09	-13.65	1.26	-13.84	601
1986-02-01	3.19	-10.10	4.28	-10.54	440
1986-03-01	7.96	-5.55	9.64	-6.12	534
1986-04-01	25.42	-0.42	26.96	-0.69	677
1986-05-01	64.34	5.21	65.72	4.96	1150
1986-06-01	120.51	7.46	121.36	7.25	1430
1986-07-01	83.34	9.84	92.59	9.25	2270
1986-08-01	78.89	8.83	87.67	8.27	1500
1986-09-01	46.77	4.79	59.34	4.04	1030
1986-10-01	15.62	-0.37	18.63	-0.98	775
1986-11-01	3.95	-6.64	4.99	-7.30	574
1986-12-01	4.47	-10.55	3.78	-10.74	397
1987-01-01	1.05	-11.69	1.26	-12.19	432
1987-02-01	3.76	-7.61	5.38	-8.20	428
1987-03-01	10.66	-3.98	9.92	-4.35	509
1987-04-01	30.23	0.88	29.80	0.64	485
1987-05-01	71.26	3.64	77.05	3.43	970
1987-06-01	125.62	8.33	129.16	8.26	971
1987-07-01	76.44	9.99	84.13	9.36	951
1987-08-01	61.17	8.73	69.33	8.27	1100
1987-09-01	64.32	5.69	73.34	4.81	861
1987-10-01	13.42	0.93	16.50	0.13	835
1987-11-01	2.82	-5.38	3.45	-5.95	714
1987-12-01	2.92	-10.44	2.56	-10.98	482
1988-01-01	3.30	-11.53	2.90	-11.85	457
1988-02-01	9.23	-8.80	9.93	-9.24	370
1988-03-01	19.78	-5.45	17.61	-5.83	387
1988-04-01	14.01	0.23	17.60	-0.15	609
1988-05-01	70.39	4.80	72.51	4.65	1080
1988-06-01	82.41	8.14	84.61	7.99	951
1988-07-01	93.78	10.48	97.72	10.36	1050
1988-08-01	89.84	9.63	95.94	9.32	1060
1988-09-01	72.43	5.89	80.16	5.07	887
1988-10-01	44.19	1.63	48.87	0.76	811
1988-11-01	3.73	-6.04	5.09	-6.59	676
1988-12-01	1.73	-9.41	1.55	-10.19	788
1989-01-01	4.28	-13.09	3.26	-13.40	646
1989-02-01	10.60	-9.92	10.39	-10.58	605
1989-03-01	11.59	-5.05	11.91	-5.39	543
1989-04-01	46.89	-0.76	44.35	-1.11	931
1989-05-01	49.10	4.79	52.15	4.29	1200
1989-06-01	108.60	7.86	112.60	7.84	1050
1989-07-01	136.15	10.31	125.24	9.94	1510
1989-08-01	98.80	9.23	104.06	8.81	2430
1989-09-01	70.12	6.89	76.51	6.26	2440
1989-10-01	43.23	1.32	44.10	0.59	1390
1989-11-01	8.67	-6.84	8.85	-6.84	1070
1989-12-01	5.95	-11.04	4.46	-11.52	795
1990-01-01	2.97	-11.19	2.96	-11.78	695
1990-02-01	8.78	-9.24	9.25	-9.73	660
1990-03-01	19.83	-4.50	16.91	-4.78	667
1990-04-01	32.56	-0.83	33.74	-0.88	877
1990-05-01	49.54	3.69	54.92	3.34	1630
1990-06-01	64.53	7.57	69.62	7.34	1530
1990-07-01	98.54	10.01	103.87	9.83	1260
1990-08-01	86.16	9.27	90.21	9.03	1170
1990-09-01	56.91	5.91	64.24	5.27	889
1990-10-01	33.15	0.01	34.26	-0.54	851
1990-11-01	2.97	-5.28	3.90	-5.84	1000
1990-12-01	0.55	-9.95	0.97	-10.61	732
1991-01-01	7.35	-13.51	6.09	-13.69	639
1991-02-01	6.34	-8.57	7.56	-8.91	604
1991-03-01	10.90	-3.75	11.33	-3.94	523
1991-04-01	26.48	-0.15	25.75	-0.27	707
1991-05-01	55.05	4.53	58.42	4.55	1170
1991-06-01	71.03	8.72	80.18	8.55	1020
1991-07-01	101.82	10.87	105.11	10.71	1160
1991-08-01	75.09	9.50	75.79	9.38	926
1991-09-01	40.67	5.48	49.57	5.13	717
1991-10-01	20.98	0.32	23.72	0.12	776
1991-11-01	3.76	-7.87	5.25	-7.91	848
1991-12-01	4.21	-11.49	3.87	-11.70	606
1992-01-01	1.55	-13.70	1.71	-13.88	569
1992-02-01	5.91	-12.01	5.81	-12.19	552
1992-03-01	15.46	-4.80	14.24	-5.06	424
1992-04-01	15.42	1.45	17.25	1.38	552
1992-05-01	66.45	4.25	64.38	4.26	1130
1992-06-01	103.40	7.59	106.13	7.57	971
1992-07-01	110.52	8.43	109.58	8.34	1070
1992-08-01	76.76	8.97	90.04	8.77	986
1992-09-01	95.02	5.93	101.25	5.65	777
1992-10-01	29.42	-1.21	33.64	-1.62	898
1992-11-01	2.72	-7.73	4.10	-7.96	860
1992-12-01	1.90	-11.20	1.93	-11.33	704
1993-01-01	9.31	-14.89	8.28	-15.41	622
1993-02-01	9.92	-7.98	10.10	-8.10	615
1993-03-01	19.73	-4.42	19.09	-4.44	567
1993-04-01	11.61	0.53	14.14	0.64	761
1993-05-01	74.24	3.46	72.91	3.48	1080
1993-06-01	79.35	6.97	86.85	7.03	1010
1993-07-01	119.47	9.59	115.87	9.47	1470
1993-08-01	97.80	8.52	99.51	8.40	1560
1993-09-01	58.19	5.01	61.45	4.68	1130
1993-10-01	23.65	-0.71	25.56	-1.05	991
1993-11-01	1.69	-5.52	2.91	-6.00	907
1993-12-01	1.63	-10.42	1.59	-10.86	657
1994-01-01	6.48	-11.53	7.76	-12.02	593
1994-02-01	5.00	-9.34	5.72	-9.61	608
1994-03-01	11.09	-5.91	11.23	-6.15	535
1994-04-01	28.63	1.04	30.35	1.08	842
1994-05-01	43.46	5.10	46.59	5.06	1140
1994-06-01	114.57	7.57	117.53	7.61	1200
1994-07-01	95.80	9.75	96.86	9.46	1180
1994-08-01	82.94	10.01	89.63	9.89	1310
1994-09-01	63.61	6.85	73.04	6.39	1070
1994-10-01	19.50	-0.66	21.51	-1.03	905
1994-11-01	6.32	-5.63	6.58	-5.71	893
1994-12-01	3.96	-10.94	3.23	-11.15	710
1995-01-01	6.37	-14.61	5.51	-14.40	653
1995-02-01	8.33	-11.44	8.72	-11.74	604
1995-03-01	12.50	-5.65	13.60	-5.69	546
1995-04-01	26.07	-1.19	27.08	-1.26	837
1995-05-01	31.08	6.22	36.67	6.05	1170
1995-06-01	60.83	8.73	68.58	8.47	1030
1995-07-01	112.53	9.64	111.79	9.55	982
1995-08-01	110.91	8.60	115.21	8.54	1000
1995-09-01	75.57	6.71	71.26	6.35	1000
1995-10-01	33.29	0.40	33.23	0.17	784
1995-11-01	5.48	-6.47	5.86	-6.39	829
1995-12-01	3.54	-12.05	3.26	-12.01	576
1996-01-01	6.66	-13.83	4.48	-13.55	459
1996-02-01	6.41	-9.48	6.81	-9.64	424
1996-03-01	16.27	-4.25	13.86	-4.63	457
1996-04-01	24.37	0.19	25.00	0.01	830
1996-05-01	55.59	4.47	54.57	4.59	1150
1996-06-01	81.07	7.34	84.74	7.19	936
1996-07-01	129.44	10.00	109.28	10.03	983
1996-08-01	77.68	10.05	74.86	9.98	998
1996-09-01	62.46	5.18	63.25	5.22	714
1996-10-01	33.75	-0.01	31.51	-0.05	724
1996-11-01	4.16	-7.30	3.72	-6.79	654
1996-12-01	0.19	-12.18	0.60	-12.07	401
1997-01-01	3.66	-12.68	2.87	-12.71	369
1997-02-01	7.65	-11.55	7.94	-11.39	341
1997-03-01	22.73	-4.00	18.41	-3.85	329
1997-04-01	31.04	-0.37	33.74	-0.41	561
1997-05-01	60.15	5.02	61.46	4.98	1130
1997-06-01	69.31	7.32	71.51	7.63	864
1997-07-01	102.48	9.64	108.75	9.81	837
1997-08-01	77.02	9.66	87.10	9.47	908
1997-09-01	47.53	4.65	54.82	4.34	653
1997-10-01	25.02	-1.36	26.60	-1.23	696
1997-11-01	6.77	-7.80	6.15	-7.29	660
1997-12-01	3.48	-12.70	4.14	-12.86	385
1998-01-01	3.96	-13.32	3.18	-13.19	348
1998-02-01	6.10	-8.41	5.38	-8.24	359
1998-03-01	21.49	-5.21	20.45	-5.03	355
1998-04-01	27.75	2.50	29.78	3.02	626
1998-05-01	78.04	5.70	75.55	5.90	1010
1998-06-01	72.28	9.12	77.31	9.22	885
1998-07-01	120.11	10.07	105.16	10.32	807
1998-08-01	115.38	8.98	104.65	9.13	765
1998-09-01	57.67	6.68	53.57	6.78	719
1998-10-01	36.89	0.88	34.95	0.61	839
1998-11-01	2.47	-5.40	2.82	-5.49	811
1998-12-01	2.42	-10.77	2.27	-10.52	599
1999-01-01	3.22	-12.18	3.22	-12.04	539
1999-02-01	3.48	-7.02	4.50	-7.13	508
1999-03-01	10.61	-3.62	9.53	-3.57	615
1999-04-01	18.39	1.98	17.13	1.98	784
1999-05-01	62.93	4.52	55.19	4.36	963
1999-06-01	110.22	8.45	109.38	8.64	897
1999-07-01	121.80	9.94	123.24	9.70	1290
1999-08-01	69.00	9.47	81.60	9.49	1240
1999-09-01	53.80	6.50	62.15	6.40	1060
1999-10-01	55.86	0.13	49.10	0.47	1050
1999-11-01	4.36	-6.20	3.92	-5.65	877
1999-12-01	1.55	-12.47	1.86	-12.19	680
2000-01-01	3.41	-12.75	2.48	-12.21	605
2000-02-01	7.17	-11.48	6.28	-11.24	508
2000-03-01	9.43	-5.66	10.19	-5.54	517
2000-04-01	21.49	-0.44	17.91	-0.18	959
2000-05-01	44.00	5.28	38.12	5.61	1110
2000-06-01	102.09	8.26	93.23	8.36	1067
2000-07-01	64.55	11.68	61.04	11.96	881
2000-08-01	91.27	8.55	90.56	8.66	729
2000-09-01	86.44	5.18	84.09	5.11	1094
2000-10-01	30.63	0.41	30.04	0.46	1038
2000-11-01	8.94	-7.19	8.84	-6.90	804
2000-12-01	4.28	-11.42	3.34	-11.17	542
2001-01-01	5.44	-12.32	4.50	-12.11	514
2001-02-01	4.70	-8.54	5.57	-8.59	400
2001-03-01	7.59	-5.21	6.96	-5.33	432
2001-04-01	33.80	-0.11	31.67	-0.09	783
2001-05-01	48.71	3.77	46.43	3.60	1048
2001-06-01	59.16	7.87	63.57	8.09	919
2001-07-01	72.69	11.57	82.59	11.27	927
2001-08-01	86.43	9.07	83.73	9.16	857
2001-09-01	103.90	6.41	99.02	6.76	817
2001-10-01	26.29	0.82	28.55	1.06	862
2001-11-01	5.38	-5.74	6.01	-5.73	832
2001-12-01	3.64	-11.18	3.58	-10.82	543
2002-01-01	6.53	-13.05	5.19	-12.84	480
2002-02-01	2.73	-7.90	4.13	-7.72	407
2002-03-01	10.96	-4.15	10.97	-4.22	433
2002-04-01	21.79	1.79	24.59	2.19	816
2002-05-01	83.18	3.69	76.76	3.58	1037
2002-06-01	99.05	8.51	88.49	9.06	1025
2002-07-01	67.80	10.96	71.57	10.85	923
2002-08-01	51.10	9.70	59.47	9.39	751
2002-09-01	75.14	5.76	66.24	5.88	766
2002-10-01	20.00	-0.50	15.00	-0.67	1116
2002-11-01	5.84	-7.00	5.90	-7.32	709
2002-12-01	1.63	-10.34	1.82	-10.53	487
2003-01-01	2.04	-11.64	2.54	-11.81	356
2003-02-01	4.30	-7.95	4.77	-8.04	329
2003-03-01	14.19	-4.16	14.05	-4.06	286
2003-04-01	25.42	1.40	25.12	1.62	423
2003-05-01	65.30	4.13	70.71	4.53	748
2003-06-01	87.65	7.64	77.39	7.82	762
2003-07-01	113.43	9.71	113.21	10.01	741
2003-08-01	124.11	9.99	121.52	10.09	903
2003-09-01	71.94	6.30	69.46	6.18	1103
2003-10-01	32.77	0.70	35.50	0.59	1260
2003-11-01	4.80	-5.79	5.41	-5.39	867
2003-12-01	3.56	-10.65	3.33	-10.69	559
2004-01-01	5.89	-12.14	3.82	-12.50	500
2004-02-01	5.16	-9.82	4.97	-9.82	416
2004-03-01	9.84	-3.14	8.40	-3.18	435
2004-04-01	23.43	1.73	26.22	1.62	758
2004-05-01	64.68	4.34	64.71	4.07	1061
2004-06-01	83.31	7.42	84.26	7.65	1000
2004-07-01	101.90	9.90	98.92	9.44	837
2004-08-01	103.85	9.55	99.29	9.88	748
2004-09-01	78.82	5.83	77.85	5.65	839
2004-10-01	35.79	-0.37	30.80	-0.17	964
2004-11-01	4.35	-7.39	4.62	-7.24	880
2004-12-01	3.75	-9.90	3.23	-9.91	605
2005-01-01	4.61	-11.11	3.75	-11.31	548
2005-02-01	10.32	-9.02	9.45	-8.75	533
2005-03-01	21.00	-4.00	19.32	-4.42	444
2005-04-01	22.76	0.70	22.46	0.65	821
2005-05-01	71.85	4.55	67.86	4.95	1131
2005-06-01	78.61	8.41	76.75	8.49	1114
2005-07-01	122.30	10.42	119.41	10.56	1027
2005-08-01	104.83	9.65	99.91	10.02	1099
2005-09-01	89.92	6.71	96.65	6.88	1188
2005-10-01	36.47	-0.08	42.87	-0.08	1511
2005-11-01	4.70	-7.01	4.73	-6.89	1042
2005-12-01	0.72	-11.57	1.26	-11.56	599
2006-01-01	2.27	-9.40	1.96	-9.17	555
2006-02-01	7.84	-7.14	8.13	-7.51	519
2006-03-01	10.29	-5.03	9.57	-4.79	643
2006-04-01	26.28	0.12	25.17	0.18	1194
2006-05-01	50.51	4.66	46.09	4.82	1269
2006-06-01	76.23	8.24	81.53	8.54	1325
2006-07-01	107.12	11.72	95.70	12.04	1211
2006-08-01	91.10	11.02	96.15	11.06	1060
2006-09-01	66.30	6.57	73.95	6.18	1110
2006-10-01	28.47	0.69	27.98	0.98	1016
2006-11-01	6.83	-5.91	6.07	-5.76	850
2006-12-01	4.32	-11.37	3.95	-11.26	603
2007-01-01	4.37	-12.80	3.05	-13.23	513
2007-02-01	6.72	-8.71	6.90	-8.57	483
2007-03-01	17.33	-3.80	15.69	-3.66	499
2007-04-01	19.89	1.16	20.40	0.80	849
2007-05-01	59.90	6.34	62.06	6.43	1173
2007-06-01	106.38	7.12	115.91	7.55	1182
2007-07-01	122.05	9.90	105.61	9.95	1372
2007-08-01	97.67	10.75	100.93	10.85	1263
2007-09-01	76.11	5.80	72.14	5.84	1351
2007-10-01	49.73	1.06	52.30	0.91	1368
2007-11-01	2.65	-6.49	3.44	-6.25	976
2007-12-01	2.31	-10.16	2.22	-9.93	620
2008-01-01	7.88	-12.24	10.09	-11.96	548
2008-02-01	7.60	-12.86	8.41	-13.27	465
2008-03-01	11.33	-4.23	10.12	-3.78	504
2008-04-01	20.80	0.80	27.20	1.27	1003
2008-05-01	41.92	6.00	47.79	5.93	1216
2008-06-01	86.51	7.86	91.24	7.72	1255
2008-07-01	98.57	10.18	99.46	10.25	1002
2008-08-01	87.29	8.29	95.32	8.70	1234
2008-09-01	95.01	6.29	97.65	6.68	931
2008-10-01	35.56	0.12	36.76	0.56	1162
2008-11-01	6.26	-6.72	7.41	-6.52	771
2008-12-01	0.85	-10.14	1.50	-10.17	554
2009-01-01	2.65	-11.52	3.06	-11.43	533
2009-02-01	4.63	-7.01	6.29	-6.55	392
2009-03-01	12.55	-3.93	12.95	-3.94	760
2009-04-01	24.27	2.54	29.70	2.53	1198
2009-05-01	70.63	4.55	72.29	4.69	1249
2009-06-01	71.16	9.00	73.09	8.95	1271
2009-07-01	126.31	10.67	109.87	11.05	1033
2009-08-01	102.75	8.94	110.92	9.08	1011
2009-09-01	79.56	7.27	82.27	7.31	1227
2009-10-01	37.34	0.43	32.90	0.44	1187
2009-11-01	8.11	-6.71	8.41	-6.76	917
2009-12-01	1.17	-11.08	1.75	-10.80	599
2010-01-01	1.97	-10.42	2.12	-10.09	549
2010-02-01	3.19	-7.66	3.82	-7.53	430
2010-03-01	12.03	-3.69	10.36	-3.57	521
2010-04-01	16.64	0.27	17.55	0.43	1229
2010-05-01	82.88	5.15	76.18	5.72	1248
2010-06-01	91.07	7.86	93.78	8.23	1332
2010-07-01	101.16	11.93	96.27	12.12	1530
2010-08-01	95.33	10.91	91.65	10.89	1373
2010-09-01	76.38	6.85	69.60	7.21	1020
2010-10-01	36.92	0.35	30.74	0.37	988
2010-11-01	2.45	-6.56	3.18	-6.73	915
2010-12-01	1.28	-12.40	1.71	-12.32	624
2011-01-01	5.48	-13.52	4.29	-13.98	529
2011-02-01	4.74	-7.52	4.77	-7.67	411
2011-03-01	12.31	-5.95	9.90	-6.53	501
2011-04-01	19.57	1.42	22.90	1.60	943
2011-05-01	66.89	5.11	61.29	5.02	1172
2011-06-01	94.63	8.25	93.28	8.90	1234
2011-07-01	104.53	10.25	99.44	10.11	1166
2011-08-01	85.13	9.87	83.71	9.94	981
2011-09-01	104.20	6.26	100.42	6.28	963
2011-10-01	30.77	0.47	27.76	0.65	1186
2011-11-01	13.57	-5.05	11.32	-4.79	938
2011-12-01	2.37	-10.87	2.54	-10.74	585
2012-01-01	9.35	-13.67	7.77	-13.55	540
2012-02-01	7.53	-8.91	9.43	-9.20	426
2012-03-01	16.94	-5.07	17.62	-4.82	528
2012-04-01	21.56	0.49	27.58	0.83	677
2012-05-01	74.11	5.32	74.04	5.57	1338
2012-06-01	101.18	8.22	82.81	8.55	1384
2012-07-01	170.43	10.27	158.95	10.73	1596
2012-08-01	94.41	9.99	99.99	10.33	2842
2012-09-01	61.30	5.56	67.63	5.85	1780
2012-10-01	33.50	-0.59	31.79	0.19	1494
2012-11-01	4.39	-7.20	4.55	-7.00	980
2012-12-01	1.93	-11.06	2.62	-10.54	678
2013-01-01	2.30	-12.62	3.31	-12.47	643
2013-02-01	7.29	-7.23	9.07	-7.07	482
2013-03-01	3.70	-2.68	7.36	-2.10	710
2013-04-01	25.26	0.97	34.22	1.23	868
2013-05-01	77.50	4.93	106.15	4.89	1240
2013-06-01	69.08	9.40	102.23	9.96	1359
2013-07-01	136.11	10.85	153.21	10.77	1549
2013-08-01	64.40	11.13	82.03	11.41	1614
2013-09-01	71.41	5.22	97.04	5.51	1085
2013-10-01	21.95	0.40	33.52	0.64	1156
2013-11-01	5.33	-7.79	8.33	-7.10	917
2013-12-01	2.50	-12.17	2.91	-12.18	655
2014-01-01	2.63	-11.77	2.68	-11.12	667
2014-02-01	9.48	-9.25	10.63	-8.54	478
2014-03-01	17.27	-3.97	16.21	-3.16	479
2014-04-01	31.05	0.89	53.22	1.31	808
2014-05-01	52.77	4.31	70.05	4.84	1150
2014-06-01	103.63	7.68	134.20	8.47	1280
2014-07-01	101.37	10.50	111.31	10.87	1330
2014-08-01	108.98	8.67	113.52	8.93	1280
2014-09-01	87.25	6.16	122.27	6.57	1270
2014-10-01	41.31	1.02	44.25	1.36	1290
2014-11-01	5.15	-6.00	7.57	-5.48	1080
2014-12-01	6.88	-11.60	4.53	-10.97	626
2015-01-01	3.97	-12.56	4.37	-11.47	603
2015-02-01	3.44	-8.69	4.85	-7.94	495
2015-03-01	9.57	-3.00	11.91	-2.58	590
2015-04-01	33.14	0.89	41.91	0.97	790
2015-05-01	52.15	4.71	78.38	5.16	1130
2015-06-01	93.94	7.68	124.67	8.67	1160
2015-07-01	83.69	9.30	91.96	9.41	1400
2015-08-01	56.06	9.00	82.52	9.16	936
2015-09-01	100.00	6.20	105.99	6.75	771
2015-10-01	21.70	0.88	35.77	1.42	953
2015-11-01	7.92	-4.73	9.20	-3.69	810
2015-12-01	2.82	-11.46	3.32	-11.19	508
2016-01-01	4.40	-13.25	2.62	-12.78	465
2016-02-01	6.66	-9.78	5.30	-9.45	441
2016-03-01	12.02	-3.60	19.37	-3.22	463
2016-04-01	31.24	1.21	37.88	1.77	732
2016-05-01	76.36	4.77	76.81	5.19	955
2016-06-01	58.81	8.60	75.36	8.96	1090
2016-07-01	90.91	11.05	111.45	11.33	1020
2016-08-01	71.69	11.41	107.86	12.67	759
2016-09-01	79.25	5.93	76.53	5.72	734
2016-10-01	47.26	1.19	49.19	1.48	955
2016-11-01	3.41	-5.56	3.02	-4.55	827
2016-12-01	3.46	-9.39	2.42	-8.55	485
2017-01-01	3.82	-11.42	3.82	-10.84	425
2017-02-01	8.42	-7.78	9.95	-7.41	412
2017-03-01	20.89	-4.98	23.12	-4.95	431
2017-04-01	37.34	1.20	40.72	1.11	688
2017-05-01	69.06	4.63	83.76	4.50	1060
2017-06-01	91.99	7.28	108.98	7.79	1080
2017-07-01	73.33	11.36	89.82	12.14	1120
2017-08-01	126.20	10.27	139.07	10.34	819
2017-09-01	105.05	6.56	113.96	6.81	804
2017-10-01	51.21	1.18	65.81	1.60	1210
2017-11-01	2.69	-6.18	5.71	-5.76	1070
2017-12-01	0.50	-10.00	2.06	-9.54	578
2018-01-01	5.38	-12.10	3.49	-11.37	502
2018-02-01	4.50	-9.32	6.15	-9.64	449
2018-03-01	15.73	-3.24	12.52	-2.37	577
2018-04-01	35.05	1.43	25.49	1.30	993
2018-05-01	64.89	5.30	57.59	5.86	1450
2018-06-01	105.34	8.53	90.38	9.07	1490
2018-07-01	140.66	11.10	107.00	11.58	1970
2018-08-01	120.22	10.44	95.50	11.12	2180
2018-09-01	110.48	6.06	76.84	6.56	3040
2018-10-01	23.09	-0.97	31.54	-0.65	2260
2018-11-01	12.82	-7.26	5.33	-6.85	1120
2018-12-01	3.01	-12.04	2.36	-11.01	720
2019-01-01	6.25	-12.51			627
2019-02-01	9.45	-8.75			557
2019-03-01	12.88	-4.90			737
2019-04-01	29.05	2.31			1390
2019-05-01	86.05	4.10			1640
2019-06-01	112.81	7.95			1920
2019-07-01	108.74	9.28			3200
2019-08-01	113.02	10.22			2160
2019-09-01	102.42	6.29			1680
2019-10-01	44.86	0.66			2050
2019-11-01	10.65	-4.91			1270
2019-12-01	2.58	-12.29			784
2020-01-01	5.31	-12.15			703
2020-02-01	3.62	-9.49			594
2020-03-01	14.74	-3.84			806
2020-04-01	28.14	0.07			1390
2020-05-01	54.38	4.50			1620
2020-06-01	114.97	7.93			1850
2020-07-01	114.74	10.09			2680
2020-08-01	110.23	9.94			3050
2020-09-01	72.20	6.93			2050
2020-10-01	20.74	0.86			2060
2020-11-01	6.92	-5.48			1430
2020-12-01	1.95	-11.50			815
2021-01-01	3.97	-12.38			707
2021-02-01	6.58	-7.84			620
2021-03-01	12.71	-2.82			631
2021-04-01	47.64	0.01			1510
2021-05-01	54.53	4.78			1450
2021-06-01	102.34	8.72			1270
2021-07-01	93.15	10.89			1380
2021-08-01	117.02	9.55			1280
2021-09-01	101.90	6.67			1170
2021-10-01	47.73	1.53			1330
2021-11-01	5.78	-7.56			1180
2021-12-01	2.01	-11.05			760
2022-01-01	6.71	-12.58			640
2022-02-01	7.95	-11.70			548
2022-03-01	5.52	-2.12			645
2022-04-01	35.60	0.91			1060
2022-05-01	56.44	5.15			1230
2022-06-01	70.37	8.84			1330
2022-07-01	97.42	11.37			1100
2022-08-01	96.61	11.28			1120
2022-09-01	65.52	6.09			1110
2022-10-01	29.84	0.99			986
2022-11-01	5.35	-5.08			987
2022-12-01	1.17	-11.61			643
2023-01-01	3.27	-12.33			544
2023-02-01	8.48	-7.80			490
2023-03-01	11.56	-3.63			557
2023-04-01	27.07	0.75			866
2023-05-01	57.65	4.36			936
2023-06-01	69.48	7.97			1310
2023-07-01	77.42	10.77			1290
2023-08-01	104.65	10.37			1080
2023-09-01	77.43	7.17			942
2023-10-01	31.21	0.80			1310
2023-11-01	5.42	-5.96			1120
2023-12-01	2.32	-10.45			671
2024-01-01	1.34	-12.08			616
2024-02-01	11.21	-9.70			531
2024-03-01	15.90	-3.28			591
2024-04-01	39.09	1.84			1040
2024-05-01	83.64	5.45			1280
2024-06-01	105.00	8.00			1560
2024-07-01	127.73	11.24			1580
2024-08-01	76.08	11.40			1560
2024-09-01	76.57	7.22			1420
2024-10-01	32.91	1.47			1440
2024-11-01	8.34	-5.25			1240
2024-12-01	1.76	-11.02			703
