Time	pre_cru	tem_cru	pre_cn05	tem_cn05	runoff
1961-01-01	4.39	-10.42	4.70	-8.29	560.00
1961-02-01	9.46	-9.39	6.18	-7.30	488.00
1961-03-01	11.22	-5.90	11.09	-4.47	473.00
1961-04-01	7.97	-1.28	15.11	-0.58	593.00
1961-05-01	19.77	2.69	33.82	2.85	1040.00
1961-06-01	29.68	7.53	57.51	7.50	2100.00
1961-07-01	55.89	8.22	130.41	7.34	3740.00
1961-08-01	78.78	8.09	128.15	7.28	6430.00
1961-09-01	35.02	5.54	76.70	5.22	4270.00
1961-10-01	13.02	0.43	13.56	1.05	2080.00
1961-11-01	5.21	-8.22	4.54	-7.03	1020.00
1961-12-01	5.51	-12.60	4.39	-10.94	664.00
1962-01-01	7.56	-12.08	4.26	-9.75	523.00
1962-02-01	13.37	-10.76	6.71	-8.64	489.00
1962-03-01	12.19	-7.20	9.82	-5.80	463.00
1962-04-01	15.87	-1.65	18.15	-1.08	618.00
1962-05-01	29.97	1.68	46.27	1.51	962.00
1962-06-01	67.12	6.92	120.27	6.23	3880.00
1962-07-01	58.63	8.38	123.32	7.34	5240.00
1962-08-01	109.65	6.89	195.00	5.83	10500.00
1962-09-01	45.73	5.31	90.36	4.77	7660.00
1962-10-01	3.63	-0.72	10.51	-0.49	2050.00
1962-11-01	0.56	-5.88	2.28	-4.49	1060.00
1962-12-01	3.93	-10.29	4.61	-8.68	762.00
1963-01-01	3.11	-12.99	3.62	-10.75	570.00
1963-02-01	3.26	-9.75	5.51	-8.07	463.00
1963-03-01	19.02	-7.09	11.83	-6.17	444.00
1963-04-01	17.48	-2.55	19.62	-2.14	530.00
1963-05-01	26.14	1.89	39.05	2.12	1060.00
1963-06-01	49.87	6.25	94.18	6.10	3360.00
1963-07-01	61.69	8.40	128.22	7.49	5290.00
1963-08-01	87.50	7.43	160.48	6.41	8030.00
1963-09-01	31.34	5.48	67.39	4.91	5170.00
1963-10-01	17.71	-0.55	23.40	-0.26	2230.00
1963-11-01	15.17	-7.25	5.47	-6.87	1310.00
1963-12-01	2.27	-10.90	3.16	-9.90	886.00
1964-01-01	0.67	-11.32	3.44	-8.28	651.00
1964-02-01	2.33	-9.33	5.90	-7.56	540.00
1964-03-01	7.35	-5.63	10.81	-4.65	490.00
1964-04-01	15.28	-1.00	16.55	-0.42	569.00
1964-05-01	16.01	1.56	29.18	1.54	846.00
1964-06-01	30.78	7.49	66.36	6.82	2660.00
1964-07-01	64.07	7.95	139.38	6.96	4320.00
1964-08-01	80.74	7.37	155.82	6.33	6770.00
1964-09-01	38.56	5.61	78.95	5.18	5960.00
1964-10-01	5.18	1.22	11.60	1.75	2140.00
1964-11-01	1.11	-5.87	2.41	-4.69	1120.00
1964-12-01	1.93	-9.86	3.08	-8.06	762.00
1965-01-01	1.30	-11.56	3.63	-9.17	586.00
1965-02-01	6.89	-10.72	6.92	-9.27	512.00
1965-03-01	9.59	-7.96	9.55	-6.83	476.00
1965-04-01	8.40	-1.95	13.61	-1.10	587.00
1965-05-01	14.75	2.89	28.37	2.90	1050.00
1965-06-01	37.02	7.40	72.39	6.57	2570.00
1965-07-01	58.50	7.71	124.33	6.74	3980.00
1965-08-01	77.90	6.62	133.32	5.57	5440.00
1965-09-01	28.00	4.75	61.23	4.22	3150.00
1965-10-01	9.98	-1.83	15.59	-1.61	1430.00
1965-11-01	15.43	-7.54	6.79	-6.73	830.00
1965-12-01	0.70	-9.89	3.13	-8.11	582.00
1966-01-01	8.22	-14.01	8.58	-13.74	473.00
1966-02-01	6.55	-8.30	6.00	-7.39	424.00
1966-03-01	2.23	-5.13	9.54	-3.81	432.00
1966-04-01	6.59	-1.61	14.61	-1.30	478.00
1966-05-01	14.31	3.59	27.31	3.67	1060.00
1966-06-01	47.75	6.48	100.20	6.16	1940.00
1966-07-01	57.48	8.52	124.54	7.49	3830.00
1966-08-01	75.97	7.68	138.55	6.81	6710.00
1966-09-01	33.22	4.24	72.81	3.65	5820.00
1966-10-01	11.24	-2.04	14.64	-1.78	1780.00
1966-11-01	1.43	-5.07	2.58	-3.74	976.00
1966-12-01	2.89	-9.31	2.53	-7.34	672.00
1967-01-01	2.30	-11.04	1.74	-8.56	542.00
1967-02-01	2.95	-9.14	3.55	-7.35	490.00
1967-03-01	15.85	-7.10	14.78	-5.79	477.00
1967-04-01	13.34	-2.58	14.62	-1.86	559.00
1967-05-01	10.33	2.10	21.93	2.15	1100.00
1967-06-01	40.77	6.43	83.34	5.96	2870.00
1967-07-01	37.35	8.30	86.25	7.65	3470.00
1967-08-01	61.82	7.49	113.63	6.85	3400.00
1967-09-01	34.00	5.12	69.53	4.88	3160.00
1967-10-01	4.67	-1.72	10.24	-1.44	1500.00
1967-11-01	7.39	-8.55	5.72	-7.83	778.00
1967-12-01	1.43	-11.19	3.27	-9.38	539.00
1968-01-01	6.64	-13.32	6.18	-11.26	420.00
1968-02-01	6.26	-10.42	4.94	-8.42	382.00
1968-03-01	16.15	-6.18	9.74	-4.93	407.00
1968-04-01	14.07	-2.56	17.15	-1.88	522.00
1968-05-01	14.33	2.32	27.43	2.56	1320.00
1968-06-01	52.95	6.07	97.88	5.92	2680.00
1968-07-01	67.05	7.37	148.37	6.50	5440.00
1968-08-01	60.82	7.17	93.95	6.44	4730.00
1968-09-01	26.74	6.13	54.80	5.54	3070.00
1968-10-01	19.92	-2.01	35.99	-1.98	1840.00
1968-11-01	1.78	-6.62	1.93	-5.58	905.00
1968-12-01	1.18	-10.01	1.69	-8.66	594.00
1969-01-01	2.49	-10.84	6.68	-9.13	420.00
1969-02-01	1.24	-8.32	2.95	-6.38	382.00
1969-03-01	15.53	-5.19	11.20	-4.10	407.00
1969-04-01	12.02	-1.67	16.48	-1.18	522.00
1969-05-01	15.51	2.83	29.93	3.14	1320.00
1969-06-01	41.53	7.07	86.32	6.61	2680.00
1969-07-01	68.01	7.83	144.55	7.08	5440.00
1969-08-01	58.33	7.25	103.10	6.58	4730.00
1969-09-01	35.80	5.25	76.52	4.81	3070.00
1969-10-01	9.21	-1.29	14.70	-1.07	1840.00
1969-11-01	3.30	-5.37	3.34	-4.14	905.00
1969-12-01	1.00	-9.40	1.34	-7.87	594.00
1970-01-01	4.71	-11.53	4.01	-9.64	462.00
1970-02-01	8.48	-10.40	15.90	-8.60	428.00
1970-03-01	7.58	-5.73	10.96	-4.28	424.00
1970-04-01	8.42	-1.66	13.84	-0.95	479.00
1970-05-01	17.53	3.36	30.33	3.80	981.00
1970-06-01	41.02	6.93	85.38	6.94	2190.00
1970-07-01	68.93	8.16	140.54	7.32	5490.00
1970-08-01	70.22	7.18	128.42	6.30	6870.00
1970-09-01	29.25	5.64	60.27	5.37	3540.00
1970-10-01	17.38	-0.35	19.80	-0.00	2060.00
1970-11-01	5.03	-6.91	3.31	-5.93	975.00
1970-12-01	0.92	-9.07	1.30	-7.24	638.00
1971-01-01	1.72	-11.39	2.77	-9.05	499.00
1971-02-01	5.92	-9.74	5.99	-7.91	445.00
1971-03-01	9.16	-6.13	10.53	-4.76	439.00
1971-04-01	24.61	-1.74	17.75	-1.08	502.00
1971-05-01	30.93	1.37	47.48	1.77	800.00
1971-06-01	72.80	6.21	142.92	6.48	3980.00
1971-07-01	45.12	7.71	108.46	7.12	4430.00
1971-08-01	61.36	6.78	123.65	6.06	4610.00
1971-09-01	19.51	5.80	46.09	5.43	2510.00
1971-10-01	22.66	-0.03	29.38	0.65	1570.00
1971-11-01	10.74	-7.11	5.24	-6.10	899.00
1971-12-01	0.46	-10.44	1.45	-8.69	595.00
1972-01-01	1.47	-9.69	3.21	-7.48	473.00
1972-02-01	7.98	-9.63	8.93	-7.46	413.00
1972-03-01	10.23	-5.09	14.29	-3.68	448.00
1972-04-01	12.97	-2.51	17.76	-1.79	502.00
1972-05-01	15.39	3.34	29.86	3.51	1060.00
1972-06-01	26.27	7.16	57.80	6.72	2110.00
1972-07-01	47.24	9.34	107.29	8.70	3080.00
1972-08-01	51.76	7.57	108.30	6.58	4100.00
1972-09-01	43.71	4.74	96.20	4.18	3630.00
1972-10-01	9.69	-0.56	27.30	0.08	1460.00
1972-11-01	6.54	-7.39	5.11	-6.50	808.00
1972-12-01	0.78	-9.14	1.40	-7.23	539.00
1973-01-01	6.17	-9.69	4.42	-7.46	446.00
1973-02-01	11.41	-8.84	13.43	-7.27	400.00
1973-03-01	8.67	-6.01	10.25	-4.68	379.00
1973-04-01	11.51	-0.79	17.48	-0.08	533.00
1973-05-01	21.62	3.04	35.48	3.34	1030.00
1973-06-01	62.84	6.33	118.84	6.27	3030.00
1973-07-01	43.55	8.25	104.03	7.75	2680.00
1973-08-01	67.22	7.12	142.60	6.41	4650.00
1973-09-01	36.13	5.57	78.29	5.43	3920.00
1973-10-01	24.94	-0.54	32.35	0.24	1910.00
1973-11-01	7.37	-7.04	5.79	-5.81	948.00
1973-12-01	2.28	-10.44	2.88	-8.25	630.00
1974-01-01	3.49	-11.51	5.06	-9.66	456.00
1974-02-01	3.09	-8.03	4.17	-6.20	387.00
1974-03-01	11.80	-5.64	9.50	-4.16	382.00
1974-04-01	12.08	-0.80	15.68	0.03	500.00
1974-05-01	25.27	2.52	38.37	2.98	903.00
1974-06-01	41.91	6.78	85.16	6.56	2890.00
1974-07-01	77.86	7.34	159.54	6.72	4930.00
1974-08-01	76.31	7.24	137.70	6.48	6790.00
1974-09-01	31.20	5.04	68.60	4.50	4940.00
1974-10-01	7.69	2.04	10.61	2.74	2130.00
1974-11-01	0.77	-5.70	1.98	-4.68	1050.00
1974-12-01	2.99	-9.47	3.42	-7.84	654.00
1975-01-01	4.46	-11.61	6.46	-9.74	483.00
1975-02-01	12.06	-9.77	10.77	-8.24	423.00
1975-03-01	9.92	-6.22	12.68	-5.03	415.00
1975-04-01	7.42	-1.10	15.04	-0.52	563.00
1975-05-01	18.57	2.57	33.95	2.80	965.00
1975-06-01	29.38	7.59	59.75	7.54	2350.00
1975-07-01	56.46	7.69	122.52	7.04	2880.00
1975-08-01	50.33	7.31	100.04	6.62	3850.00
1975-09-01	57.46	5.06	120.70	4.60	4300.00
1975-10-01	14.54	1.52	16.46	2.25	2090.00
1975-11-01	0.37	-5.83	1.31	-4.27	978.00
1975-12-01	0.48	-9.98	1.47	-8.13	636.00
1976-01-01	3.97	-11.73	5.77	-9.75	486.00
1976-02-01	6.91	-8.30	6.99	-6.45	427.00
1976-03-01	4.54	-5.29	10.14	-3.82	425.00
1976-04-01	13.09	-1.65	18.62	-0.93	520.00
1976-05-01	22.61	2.26	37.11	2.54	881.00
1976-06-01	53.78	6.07	100.03	5.97	2600.00
1976-07-01	44.66	7.10	104.10	6.39	3070.00
1976-08-01	65.02	6.72	118.03	6.07	3430.00
1976-09-01	25.05	4.66	59.50	4.35	3300.00
1976-10-01	8.86	-1.03	14.10	-0.59	1410.00
1976-11-01	1.70	-3.28	2.38	-1.65	782.00
1976-12-01	0.33	-8.81	1.45	-6.76	551.00
1977-01-01	2.72	-10.35	4.36	-8.14	418.00
1977-02-01	4.06	-8.07	6.62	-5.96	410.00
1977-03-01	8.39	-4.67	8.64	-3.11	426.00
1977-04-01	27.97	-2.02	26.76	-1.23	477.00
1977-05-01	33.35	0.56	50.26	0.71	715.00
1977-06-01	41.08	5.37	88.03	5.06	2910.00
1977-07-01	56.34	7.87	135.32	7.21	5280.00
1977-08-01	75.59	7.48	138.16	6.64	5760.00
1977-09-01	35.27	5.22	76.90	4.87	4480.00
1977-10-01	26.19	-1.63	30.56	-1.19	2350.00
1977-11-01	12.26	-5.60	7.06	-4.54	1110.00
1977-12-01	8.22	-9.96	6.13	-8.54	709.00
1978-01-01	3.31	-13.35	4.26	-11.26	523.00
1978-02-01	9.82	-10.06	8.83	-8.41	462.00
1978-03-01	18.03	-6.99	17.57	-5.96	439.00
1978-04-01	14.75	-2.27	16.81	-1.74	579.00
1978-05-01	34.37	2.79	53.53	2.92	1540.00
1978-06-01	52.06	6.41	100.47	6.46	3390.00
1978-07-01	50.94	7.82	115.21	7.28	3060.00
1978-08-01	70.37	7.04	132.33	6.20	5070.00
1978-09-01	41.74	4.79	90.92	4.33	3720.00
1978-10-01	13.55	0.01	25.58	0.53	2050.00
1978-11-01	12.70	-5.42	9.36	-4.20	1060.00
1978-12-01	1.57	-9.64	2.81	-8.80	708.00
1979-01-01	2.35	-10.72	3.27	-9.04	514.00
1979-02-01	15.12	-10.20	8.70	-8.65	450.00
1979-03-01	7.94	-6.47	13.18	-5.05	429.00
1979-04-01	15.56	-0.84	16.83	-0.31	584.00
1979-05-01	11.20	4.03	24.97	4.42	1260.00
1979-06-01	34.32	7.09	77.93	6.91	1820.00
1979-07-01	67.38	7.72	142.15	6.97	3580.00
1979-08-01	70.23	7.45	141.76	6.47	5600.00
1979-09-01	29.61	4.42	66.06	3.80	3600.00
1979-10-01	22.34	-0.68	26.08	-0.22	1730.00
1979-11-01	9.21	-3.97	5.03	-2.54	1000.00
1979-12-01	16.11	-10.07	10.04	-8.49	692.00
1980-01-01	2.46	-12.19	2.16	-10.00	480.00
1980-02-01	5.75	-8.79	7.82	-7.26	405.00
1980-03-01	15.06	-6.22	15.75	-5.07	409.00
1980-04-01	8.75	-0.79	16.12	-0.16	649.00
1980-05-01	35.46	2.08	55.40	1.74	1040.00
1980-06-01	45.88	6.56	92.66	6.54	2790.00
1980-07-01	67.76	7.92	142.89	7.37	4550.00
1980-08-01	90.06	7.41	161.38	6.64	7540.00
1980-09-01	33.61	5.87	71.10	5.48	4140.00
1980-10-01	16.09	-1.19	20.27	-0.67	1950.00
1980-11-01	0.99	-5.82	1.70	-4.83	997.00
1980-12-01	1.47	-8.45	2.26	-6.73	648.00
1981-01-01	8.00	-12.68	9.02	-10.54	476.00
1981-02-01	3.45	-8.30	5.14	-6.51	414.00
1981-03-01	18.97	-6.51	14.62	-5.39	417.00
1981-04-01	21.67	-1.93	19.92	-1.47	472.00
1981-05-01	30.05	2.04	45.09	2.30	1220.00
1981-06-01	32.50	7.31	68.41	7.12	2760.00
1981-07-01	64.33	8.28	143.47	7.60	4700.00
1981-08-01	55.39	8.40	99.89	7.81	4600.00
1981-09-01	27.25	5.55	62.60	5.12	3060.00
1981-10-01	1.65	0.21	7.46	1.26	1450.00
1981-11-01	11.06	-6.62	6.44	-5.40	828.00
1981-12-01	5.92	-10.72	7.22	-9.95	581.00
1982-01-01	3.28	-10.86	5.20	-9.18	482.00
1982-02-01	9.99	-10.40	8.67	-8.61	395.00
1982-03-01	20.50	-6.38	18.39	-5.10	405.00
1982-04-01	19.00	-2.20	18.44	-1.34	555.00
1982-05-01	13.86	1.72	28.77	2.08	874.00
1982-06-01	44.52	6.62	87.79	6.58	2680.00
1982-07-01	47.54	8.58	109.90	7.95	4160.00
1982-08-01	41.84	7.85	78.02	7.65	2950.00
1982-09-01	22.49	5.96	52.53	5.90	2490.00
1982-10-01	11.23	-1.06	18.16	-0.75	1070.00
1982-11-01	13.19	-6.63	6.28	-5.67	623.00
1982-12-01	3.77	-9.30	3.17	-7.54	427.00
1983-01-01	6.26	-12.78	4.78	-10.65	333.00
1983-02-01	8.48	-11.49	7.20	-10.13	307.00
1983-03-01	12.34	-6.52	17.26	-5.23	315.00
1983-04-01	19.33	-3.32	23.09	-2.73	407.00
1983-05-01	26.88	1.57	39.04	1.99	1000.00
1983-06-01	25.74	6.81	58.10	6.83	2440.00
1983-07-01	40.37	8.86	78.74	8.64	2560.00
1983-08-01	49.77	7.82	99.48	7.50	2370.00
1983-09-01	40.46	5.76	78.20	5.58	2530.00
1983-10-01	17.08	0.33	24.76	0.99	1260.00
1983-11-01	2.87	-6.93	2.06	-5.90	655.00
1983-12-01	4.99	-9.97	4.21	-8.28	429.00
1984-01-01	6.29	-11.27	5.70	-8.98	325.00
1984-02-01	4.81	-8.14	7.75	-6.05	282.00
1984-03-01	4.23	-4.23	7.48	-2.74	314.00
1984-04-01	13.44	-1.09	18.66	-0.44	406.00
1984-05-01	18.95	3.36	32.72	3.85	786.00
1984-06-01	44.27	6.99	92.73	7.06	2380.00
1984-07-01	77.17	7.31	170.85	6.49	4740.00
1984-08-01	50.10	6.63	95.50	6.27	3580.00
1984-09-01	32.87	4.48	75.27	4.20	3220.00
1984-10-01	7.08	1.22	13.14	2.26	1400.00
1984-11-01	2.01	-7.52	2.22	-6.13	781.00
1984-12-01	2.32	-7.57	4.23	-5.51	521.00
1985-01-01	4.67	-11.40	6.07	-9.70	367.00
1985-02-01	4.18	-9.03	4.13	-7.24	298.00
1985-03-01	4.88	-3.11	7.15	-1.37	371.00
1985-04-01	11.41	-0.70	17.22	0.28	449.00
1985-05-01	19.01	2.71	32.94	2.91	773.00
1985-06-01	41.91	7.09	84.69	6.97	2670.00
1985-07-01	74.04	7.02	153.09	6.25	4960.00
1985-08-01	56.06	8.12	115.88	7.49	4270.00
1985-09-01	53.38	5.11	103.84	4.81	4540.00
1985-10-01	19.07	-0.62	33.21	0.38	2060.00
1985-11-01	3.05	-6.38	3.60	-4.96	959.00
1985-12-01	10.51	-8.69	10.28	-7.09	583.00
1986-01-01	0.40	-10.21	1.71	-8.13	460.00
1986-02-01	5.73	-9.43	5.62	-7.61	431.00
1986-03-01	11.01	-5.94	12.39	-4.62	428.00
1986-04-01	23.64	-2.46	24.74	-1.82	524.00
1986-05-01	19.22	1.52	31.80	1.74	831.00
1986-06-01	26.24	7.67	53.51	7.74	2130.00
1986-07-01	58.99	8.05	128.49	7.60	2490.00
1986-08-01	54.02	7.58	99.91	7.06	2770.00
1986-09-01	36.85	4.89	77.39	4.56	3040.00
1986-10-01	26.06	-2.07	32.37	-1.57	1640.00
1986-11-01	3.12	-5.88	2.58	-4.83	833.00
1986-12-01	10.45	-9.98	10.23	-8.39	558.00
1987-01-01	2.55	-11.52	3.79	-9.80	458.00
1987-02-01	8.04	-8.62	8.36	-7.24	420.00
1987-03-01	13.20	-5.90	9.43	-4.57	400.00
1987-04-01	20.73	-1.80	25.02	-1.30	473.00
1987-05-01	11.93	1.98	25.06	2.39	899.00
1987-06-01	23.20	8.07	53.90	7.94	2220.00
1987-07-01	65.56	8.84	142.93	8.05	3820.00
1987-08-01	85.05	7.03	165.48	6.03	6050.00
1987-09-01	38.60	5.78	83.23	5.30	4810.00
1987-10-01	17.42	-0.38	31.56	0.25	2050.00
1987-11-01	0.70	-5.31	1.77	-3.98	975.00
1987-12-01	4.28	-9.49	5.04	-8.23	589.00
1988-01-01	1.43	-9.76	3.56	-8.22	416.00
1988-02-01	6.92	-7.55	8.05	-6.01	369.00
1988-03-01	16.47	-4.82	13.65	-3.61	370.00
1988-04-01	17.38	-1.17	17.56	-0.47	516.00
1988-05-01	19.88	3.32	33.03	3.75	934.00
1988-06-01	30.09	7.07	65.12	7.01	1700.00
1988-07-01	63.94	8.31	140.99	7.57	3380.00
1988-08-01	95.32	7.39	184.02	6.54	7450.00
1988-09-01	33.25	5.57	70.87	5.16	4640.00
1988-10-01	4.71	0.37	12.73	0.81	1830.00
1988-11-01	7.17	-6.29	3.66	-5.54	898.00
1988-12-01	14.37	-8.70	17.66	-7.45	603.00
1989-01-01	6.82	-10.66	16.02	-8.78	456.00
1989-02-01	7.47	-8.92	11.22	-7.16	407.00
1989-03-01	9.08	-5.16	9.77	-3.68	425.00
1989-04-01	9.68	-1.62	19.59	-0.86	497.00
1989-05-01	23.93	3.49	42.43	3.84	1050.00
1989-06-01	35.51	7.05	72.35	7.01	1800.00
1989-07-01	43.69	8.51	91.30	7.97	2830.00
1989-08-01	71.68	7.07	141.98	6.28	3620.00
1989-09-01	43.39	6.32	82.16	5.92	3640.00
1989-10-01	7.30	0.34	12.69	0.79	2060.00
1989-11-01	7.31	-6.16	4.07	-5.08	901.00
1989-12-01	3.02	-11.22	2.71	-9.49	562.00
1990-01-01	0.49	-8.76	2.09	-6.53	445.00
1990-02-01	16.06	-8.87	8.42	-7.19	409.00
1990-03-01	20.35	-6.98	10.84	-5.99	383.00
1990-04-01	15.82	-2.44	19.06	-1.90	458.00
1990-05-01	31.81	2.32	47.02	2.86	983.00
1990-06-01	45.27	7.43	93.41	7.24	3080.00
1990-07-01	74.21	7.84	165.14	7.22	4250.00
1990-08-01	59.28	7.27	111.88	6.56	5000.00
1990-09-01	49.34	5.09	104.51	4.84	4840.00
1990-10-01	16.35	-0.46	18.80	0.17	2560.00
1990-11-01	0.56	-5.05	1.61	-4.05	1150.00
1990-12-01	2.99	-8.97	2.78	-7.55	693.00
1991-01-01	7.78	-12.66	4.95	-10.52	528.00
1991-02-01	7.12	-7.69	7.31	-6.02	502.00
1991-03-01	11.40	-4.82	12.83	-3.60	506.00
1991-04-01	13.66	-1.30	17.51	-0.51	520.00
1991-05-01	13.87	3.06	27.97	3.41	1200.00
1991-06-01	55.99	6.39	108.82	6.30	2800.00
1991-07-01	56.14	8.65	130.19	8.03	4800.00
1991-08-01	92.37	7.09	168.52	6.57	5980.00
1991-09-01	40.01	4.94	88.30	4.86	4030.00
1991-10-01	6.58	0.03	10.43	1.03	1710.00
1991-11-01	4.29	-6.48	2.34	-5.20	980.00
1991-12-01	6.16	-10.40	4.56	-8.71	655.00
1992-01-01	3.84	-11.45	4.85	-9.20	483.00
1992-02-01	9.66	-10.98	5.69	-9.38	419.00
1992-03-01	8.32	-3.81	9.82	-2.26	468.00
1992-04-01	14.29	-1.14	13.58	-0.42	664.00
1992-05-01	20.69	1.39	35.14	1.64	807.00
1992-06-01	29.27	6.56	57.64	6.58	2020.00
1992-07-01	43.06	7.57	103.11	7.00	2170.00
1992-08-01	73.06	7.15	142.49	6.62	3400.00
1992-09-01	22.90	5.53	47.76	5.51	3020.00
1992-10-01	14.68	-0.52	19.93	0.34	1350.00
1992-11-01	5.31	-7.03	2.82	-5.67	758.00
1992-12-01	7.75	-11.06	3.73	-10.12	517.00
1993-01-01	4.99	-9.99	6.54	-7.46	446.00
1993-02-01	7.16	-8.18	5.51	-6.65	424.00
1993-03-01	14.30	-6.63	12.07	-5.23	407.00
1993-04-01	22.43	-2.15	21.01	-1.41	546.00
1993-05-01	19.23	2.56	34.01	2.94	1010.00
1993-06-01	34.59	6.29	70.74	6.24	2190.00
1993-07-01	49.70	8.35	115.13	8.09	2760.00
1993-08-01	75.18	7.71	126.24	7.29	5560.00
1993-09-01	51.86	4.42	106.62	4.46	3700.00
1993-10-01	6.53	0.29	11.89	1.20	2210.00
1993-11-01	2.79	-5.67	2.69	-4.42	894.00
1993-12-01	0.95	-8.84	1.45	-7.00	623.00
1994-01-01	6.55	-9.29	6.72	-7.20	494.00
1994-02-01	9.86	-9.55	10.41	-8.08	424.00
1994-03-01	10.12	-5.17	11.42	-3.88	431.00
1994-04-01	16.22	-1.97	22.29	-1.32	532.00
1994-05-01	25.02	3.04	40.52	3.40	1320.00
1994-06-01	39.97	7.14	86.36	7.25	2860.00
1994-07-01	38.08	8.35	84.71	8.04	2200.00
1994-08-01	59.45	7.79	105.20	7.27	2950.00
1994-09-01	30.58	6.39	66.45	6.37	2680.00
1994-10-01	3.60	-0.37	9.66	0.65	1240.00
1994-11-01	9.45	-7.25	5.60	-6.03	680.00
1994-12-01	2.62	-9.92	2.46	-7.83	468.00
1995-01-01	7.45	-12.33	7.97	-10.42	368.00
1995-02-01	11.00	-9.80	11.07	-7.98	322.00
1995-03-01	9.25	-4.78	9.60	-3.18	348.00
1995-04-01	8.78	-1.83	14.91	-1.03	437.00
1995-05-01	13.94	4.87	25.53	5.89	1600.00
1995-06-01	40.81	8.44	86.76	8.34	2240.00
1995-07-01	60.77	8.04	134.39	7.48	3850.00
1995-08-01	72.72	7.14	135.52	6.55	3960.00
1995-09-01	35.98	5.70	77.30	5.68	3200.00
1995-10-01	6.41	0.54	11.44	1.35	1750.00
1995-11-01	12.47	-6.08	17.13	-4.90	847.00
1995-12-01	4.55	-8.81	3.11	-7.16	565.00
1996-01-01	7.13	-10.64	5.09	-7.97	437.00
1996-02-01	8.53	-9.27	10.68	-7.67	370.00
1996-03-01	13.62	-4.43	14.82	-3.35	394.00
1996-04-01	11.84	-1.33	14.38	-0.52	505.00
1996-05-01	19.84	3.36	37.18	3.74	1160.00
1996-06-01	50.63	5.97	106.23	5.82	2440.00
1996-07-01	61.19	8.02	148.49	7.66	5470.00
1996-08-01	64.44	7.27	115.90	6.97	4120.00
1996-09-01	39.15	4.84	80.57	5.01	3640.00
1996-10-01	19.76	-0.04	24.01	1.31	1900.00
1996-11-01	1.75	-5.33	1.59	-3.19	908.00
1996-12-01	0.93	-9.26	1.41	-7.36	510.00
1997-01-01	5.64	-12.20	5.40	-10.07	325.00
1997-02-01	7.26	-10.22	6.20	-7.77	243.00
1997-03-01	15.17	-5.32	14.84	-3.87	313.00
1997-04-01	29.34	-3.47	20.99	-2.87	384.00
1997-05-01	20.91	1.62	35.13	2.33	1040.00
1997-06-01	46.68	5.73	90.31	5.93	2980.00
1997-07-01	47.63	7.92	109.22	7.77	4270.00
1997-08-01	50.14	7.32	88.65	7.09	3140.00
1997-09-01	50.04	4.42	107.84	4.51	3490.00
1997-10-01	9.74	-2.63	17.49	-1.78	1740.00
1997-11-01	7.02	-6.64	6.14	-4.90	893.00
1997-12-01	18.63	-11.17	13.60	-9.08	626.00
1998-01-01	1.77	-10.97	2.66	-8.42	537.00
1998-02-01	7.34	-8.72	6.66	-6.72	450.00
1998-03-01	19.93	-6.52	20.70	-4.94	416.00
1998-04-01	22.49	-1.61	21.28	-0.77	571.00
1998-05-01	12.25	3.98	26.75	4.56	1960.00
1998-06-01	45.21	8.45	90.79	8.55	2720.00
1998-07-01	70.22	8.11	147.88	7.82	6590.00
1998-08-01	101.46	7.51	208.90	7.08	10200.00
1998-09-01	29.81	5.71	64.61	6.00	5700.00
1998-10-01	17.38	1.55	23.07	2.96	2120.00
1998-11-01	5.85	-4.35	6.82	-2.80	1200.00
1998-12-01	2.47	-9.27	1.98	-7.40	748.00
1999-01-01	3.28	-10.79	4.39	-8.66	532.00
1999-02-01	3.52	-6.66	5.14	-4.71	502.00
1999-03-01	5.58	-3.66	8.86	-2.08	494.00
1999-04-01	7.18	0.57	12.99	2.35	597.00
1999-05-01	36.35	3.46	44.67	4.28	952.00
1999-06-01	47.87	7.38	97.09	7.39	2230.00
1999-07-01	61.36	7.71	144.11	7.35	3708.00
1999-08-01	87.78	7.09	161.61	6.49	6907.00
1999-09-01	43.30	5.43	84.80	5.46	6719.00
1999-10-01	19.72	-0.03	32.31	1.24	2380.00
1999-11-01	4.37	-4.97	3.26	-3.50	1327.00
1999-12-01	4.69	-9.43	2.00	-7.59	808.00
2000-01-01	5.34	-10.86	4.54	-8.45	571.00
2000-02-01	5.26	-10.09	7.56	-8.43	432.00
2000-03-01	11.59	-6.52	11.88	-5.16	437.00
2000-04-01	20.81	-1.16	22.17	-0.36	797.00
2000-05-01	44.64	3.02	65.04	3.49	1716.00
2000-06-01	49.44	7.24	91.44	7.43	3305.00
2000-07-01	61.90	8.06	151.84	7.29	6515.00
2000-08-01	88.86	7.28	182.10	6.47	8261.00
2000-09-01	42.40	4.67	84.03	4.71	8046.00
2000-10-01	5.06	0.16	10.19	0.79	2245.00
2000-11-01	2.79	-4.83	2.75	-3.33	1229.00
2000-12-01	2.26	-8.82	2.32	-7.27	800.00
2001-01-01	3.15	-9.53	3.03	-6.74	633.00
2001-02-01	6.66	-7.11	7.78	-4.71	564.00
2001-03-01	12.43	-6.14	13.33	-4.75	519.00
2001-04-01	16.46	-1.82	24.18	-1.14	542.00
2001-05-01	48.77	2.20	55.85	2.99	955.00
2001-06-01	57.51	6.14	114.26	6.40	3607.00
2001-07-01	55.53	8.47	127.40	8.06	4382.00
2001-08-01	73.64	7.59	134.16	7.18	6268.00
2001-09-01	28.44	6.00	64.00	5.84	5096.00
2001-10-01	13.47	0.59	23.48	1.19	2232.00
2001-11-01	3.35	-5.17	3.37	-4.00	1107.00
2001-12-01	1.81	-8.63	1.87	-6.60	746.00
2002-01-01	5.82	-11.48	9.32	-9.10	575.00
2002-02-01	7.92	-7.75	7.47	-5.95	500.00
2002-03-01	17.06	-5.12	12.77	-4.07	489.00
2002-04-01	19.49	-0.84	24.83	-0.39	591.00
2002-05-01	26.10	2.35	43.38	2.51	922.00
2002-06-01	37.59	7.09	73.46	7.32	2595.00
2002-07-01	71.41	8.73	172.00	8.02	6069.00
2002-08-01	68.59	7.49	131.97	6.85	5645.00
2002-09-01	33.51	4.93	79.98	4.89	3659.00
2002-10-01	14.06	-0.83	17.86	-0.08	2014.00
2002-11-01	9.87	-5.50	5.16	-4.12	1085.00
2002-12-01	3.88	-8.34	1.98	-6.58	715.00
2003-01-01	5.24	-10.52	7.04	-8.07	507.00
2003-02-01	15.54	-8.98	12.23	-7.63	437.00
2003-03-01	12.97	-5.60	10.72	-4.27	408.00
2003-04-01	16.66	-0.54	21.92	0.16	546.00
2003-05-01	15.87	1.77	39.09	2.15	960.00
2003-06-01	63.43	6.63	109.42	6.46	3501.00
2003-07-01	66.72	7.83	134.84	7.37	5430.00
2003-08-01	65.58	8.43	124.74	8.24	4174.00
2003-09-01	52.70	5.73	113.51	5.88	5653.00
2003-10-01	9.36	0.95	15.77	1.94	1535.00
2003-11-01	2.32	-4.62	2.13	-2.96	856.00
2003-12-01	6.20	-8.69	3.84	-6.93	666.00
2004-01-01	5.67	-11.12	7.17	-8.92	520.00
2004-02-01	5.21	-8.71	3.24	-7.28	455.00
2004-03-01	8.58	-2.64	7.58	-0.88	485.00
2004-04-01	29.52	-0.84	30.83	-0.21	485.00
2004-05-01	35.02	3.60	51.95	4.40	969.00
2004-06-01	44.69	6.38	102.52	6.55	3335.00
2004-07-01	84.87	7.53	200.93	6.57	6930.00
2004-08-01	62.82	7.78	117.82	7.29	5998.00
2004-09-01	22.48	6.08	51.32	6.06	3083.00
2004-10-01	21.37	-0.86	28.18	-0.00	1729.00
2004-11-01	13.89	-6.84	4.38	-5.56	1015.00
2004-12-01	2.79	-8.14	2.68	-6.35	773.00
2005-01-01	8.94	-9.81	10.51	-7.89	631.00
2005-02-01	6.14	-7.84	8.43	-5.97	546.00
2005-03-01	17.40	-4.12	17.30	-2.78	520.00
2005-04-01	17.88	-1.37	22.61	-0.43	640.00
2005-05-01	24.66	1.85	35.25	2.15	1039.00
2005-06-01	33.80	7.42	61.71	7.49	2901.00
2005-07-01	55.35	8.44	110.31	8.50	3261.00
2005-08-01	74.11	8.29	128.97	8.02	5959.00
2005-09-01	32.22	6.03	68.36	6.28	3889.00
2005-10-01	22.79	0.00	31.22	1.01	1800.00
2005-11-01	2.26	-5.36	1.93	-3.80	941.00
2005-12-01	1.50	-9.03	2.07	-6.98	662.00
2006-01-01	1.01	-7.59	1.61	-5.02	518.00
2006-02-01	8.05	-5.47	4.13	-3.32	463.00
2006-03-01	11.31	-5.07	16.97	-3.52	454.00
2006-04-01	29.03	-1.97	27.54	-1.20	502.00
2006-05-01	41.63	3.04	62.20	3.59	1014.00
2006-06-01	42.34	7.58	86.52	7.80	2957.00
2006-07-01	41.75	9.09	102.20	9.01	3596.00
2006-08-01	43.46	8.01	92.95	7.70	2927.00
2006-09-01	32.80	5.68	70.75	5.92	3222.00
2006-10-01	11.34	-0.43	17.13	0.21	1570.00
2006-11-01	9.84	-5.31	6.89	-4.04	869.00
2006-12-01	4.52	-7.89	4.36	-5.85	624.00
2007-01-01	1.51	-9.08	1.80	-6.07	493.00
2007-02-01	17.77	-9.37	14.55	-7.93	440.00
2007-03-01	11.05	-4.51	14.14	-3.12	424.00
2007-04-01	24.59	-0.52	23.09	0.16	556.00
2007-05-01	20.86	4.19	31.07	4.92	1083.00
2007-06-01	33.98	7.02	75.61	7.03	1948.00
2007-07-01	75.10	8.47	166.61	8.20	3229.00
2007-08-01	69.57	8.20	127.65	7.84	5107.00
2007-09-01	40.49	5.91	90.03	5.88	5268.00
2007-10-01	4.39	1.71	10.59	2.55	1664.00
2007-11-01	8.67	-5.92	3.57	-4.35	960.00
2007-12-01	2.07	-8.05	2.13	-6.01	654.00
2008-01-01	4.38	-9.20	6.27	-6.83	504.00
2008-02-01	3.29	-9.75	4.22	-7.61	438.00
2008-03-01	13.81	-4.76	13.92	-3.70	492.00
2008-04-01	10.98	-0.63	17.84	0.31	546.00
2008-05-01	39.75	3.07	51.58	3.67	1249.00
2008-06-01	61.33	6.51	120.81	6.65	3326.00
2008-07-01	72.74	8.09	155.67	7.63	5747.00
2008-08-01	79.13	7.24	143.41	6.73	6365.00
2008-09-01	29.49	5.35	69.58	5.31	4359.00
2008-10-01	20.84	-0.71	27.02	-0.15	1965.00
2008-11-01	1.61	-5.48	3.24	-4.13	1188.00
2008-12-01	1.57	-7.84	1.71	-6.05	792.00
2009-01-01	1.36	-8.53	2.86	-6.19	590.00
2009-02-01	3.83	-6.94	7.32	-5.30	524.00
2009-03-01	14.32	-4.65	13.92	-3.62	498.00
2009-04-01	8.40	0.30	13.26	1.33	638.00
2009-05-01	26.36	2.68	43.08	3.31	1025.00
2009-06-01	24.93	7.95	56.97	8.04	1494.00
2009-07-01	46.48	9.35	95.90	9.46	2600.00
2009-08-01	76.62	8.08	130.16	7.68	4348.00
2009-09-01	19.24	6.13	44.74	6.12	2381.00
2009-10-01	12.22	0.67	22.61	1.80	1300.00
2009-11-01	3.00	-4.46	6.70	-3.08	731.00
2009-12-01	2.68	-8.43	2.93	-6.79	542.00
2010-01-01	1.11	-10.32	2.51	-8.10	508.00
2010-02-01	4.89	-7.88	7.74	-6.37	482.00
2010-03-01	11.96	-3.00	12.85	-1.40	503.00
2010-04-01	11.67	0.55	15.69	1.59	627.00
2010-05-01	30.67	3.61	41.81	4.02	855.00
2010-06-01	25.96	8.11	55.84	8.14	1969.00
2010-07-01	52.34	9.34	115.70	8.88	3227.00
2010-08-01	80.19	8.47	149.92	7.89	5072.00
2010-09-01	51.71	5.93	96.93	5.99	6846.00
2010-10-01	20.80	0.66	23.62	1.35	2829.00
2010-11-01	5.21	-4.17	4.00	-2.68	1591.00
2010-12-01	1.97	-9.51	1.86	-7.46	967.00
2011-01-01	2.43	-10.62	4.05	-8.20	642.00
2011-02-01	13.11	-8.38	9.83	-6.94	533.00
2011-03-01	11.38	-4.91	11.57	-3.69	495.00
2011-04-01	15.03	-1.63	17.76	-0.93	489.00
2011-05-01	35.83	3.09	46.69	3.43	941.00
2011-06-01	49.76	6.62	92.82	6.83	2156.00
2011-07-01	82.46	8.25	159.30	7.81	5680.00
2011-08-01	50.96	7.40	102.72	7.10	5576.00
2011-09-01	40.03	6.01	77.78	6.23	2935.00
2011-10-01	9.85	-0.30	12.18	0.71	1753.00
2011-11-01	5.37	-5.40	4.68	-4.39	990.00
2011-12-01	4.28	-7.51	1.56	-5.03	684.00
2012-01-01	4.15	-11.80	5.76	-9.59	566.00
2012-02-01	9.21	-8.15	10.19	-6.00	541.00
2012-03-01	9.42	-4.94	11.06	-3.56	563.00
2012-04-01	19.20	-1.30	24.19	-0.63	615.00
2012-05-01	15.42	3.63	25.16	4.02	1168.00
2012-06-01	36.45	8.41	87.67	8.30	2699.00
2012-07-01	65.13	8.49	140.66	8.41	3963.00
2012-08-01	58.01	8.03	110.78	7.73	3983.00
2012-09-01	34.77	5.65	74.17	5.78	3529.00
2012-10-01	7.22	-0.87	10.52	0.07	1930.00
2012-11-01	1.35	-6.20	1.76	-4.62	965.00
2012-12-01	2.26	-8.59	1.95	-6.29	665.00
2013-01-01	2.77	-10.93	7.63	-8.66	504.00
2013-02-01	10.90	-8.10	17.26	-6.91	444.00
2013-03-01	13.78	-4.70	10.76	-3.69	439.00
2013-04-01	22.73	-1.25	13.38	-0.60	510.00
2013-05-01	29.49	3.26	30.64	3.55	1010.00
2013-06-01	52.14	7.76	96.83	7.93	2458.00
2013-07-01	67.80	8.59	101.77	8.24	5572.00
2013-08-01	52.92	7.86	84.98	7.38	3506.00
2013-09-01	33.72	5.13	68.33	5.00	3995.00
2013-10-01	40.28	-0.19	34.45	0.63	1981.00
2013-11-01	1.91	-5.90	1.76	-4.26	1056.00
2013-12-01	4.28	-9.09	2.24	-7.01	659.00
2014-01-01	1.91	-10.37	4.24	-7.83	543.00
2014-02-01	4.64	-8.51	6.66	-6.18	461.00
2014-03-01	18.69	-5.34	12.09	-4.04	446.00
2014-04-01	14.76	-1.10	12.57	-0.71	515.00
2014-05-01	23.52	3.29	30.70	3.93	1196.00
2014-06-01	38.53	8.13	66.52	8.12	2112.00
2014-07-01	67.92	8.60	121.61	8.01	4345.00
2014-08-01	81.22	7.58	122.28	7.22	6329.00
2014-09-01	35.24	5.62	62.47	5.54	4274.00
2014-10-01	7.05	-0.05	10.03	0.13	1983.00
2014-11-01	5.46	-4.88	0.79	-3.23	995.00
2014-12-01	5.30	-8.80	7.22	-5.65	691.00
2015-01-01	3.88	-11.74	8.22	-9.33	508.00
2015-02-01	9.08	-8.51	9.50	-7.55	473.00
2015-03-01	10.88	-5.00	14.49	-3.39	502.00
2015-04-01	20.21	-1.74	22.13	-0.79	632.00
2015-05-01	17.46	3.35	24.39	3.62	1190.00
2015-06-01	35.99	7.69	64.69	7.72	2658.00
2015-07-01	35.46	8.15	55.08	7.82	2356.00
2015-08-01	69.38	7.72	99.59	7.44	2927.00
2015-09-01	23.70	6.32	48.77	7.06	2964.00
2015-10-01	13.95	0.28	6.10	0.88	1316.00
2015-11-01	4.85	-4.71	1.19	-3.11	785.00
2015-12-01	2.57	-9.19	2.77	-6.29	594.00
2016-01-01	1.90	-11.19	5.44	-9.35	498.00
2016-02-01	5.62	-7.45	4.17	-3.80	456.00
2016-03-01	7.84	-4.23	13.26	-2.69	456.00
2016-04-01	10.60	-0.47	19.33	1.13	570.00
2016-05-01	39.25	2.97	49.67	3.39	956.00
2016-06-01	60.91	7.40	125.48	6.96	2923.00
2016-07-01	74.42	8.46	164.87	7.98	6242.00
2016-08-01	42.20	8.48	93.90	7.73	4947.00
2016-09-01	44.41	5.61	102.14	5.73	4139.00
2016-10-01	12.16	1.12	14.47	2.18	2513.00
2016-11-01	2.25	-4.58	1.37	-3.25	1132.00
2016-12-01	2.33	-6.99	1.65	-4.72	789.00
2017-01-01	3.20	-10.36	5.80	-8.26	697.00
2017-02-01	3.32	-7.27	3.74	-4.53	642.00
2017-03-01	23.31	-5.60	17.54	-3.99	656.00
2017-04-01	16.81	-0.81	16.33	0.37	768.00
2017-05-01	26.93	2.83	40.16	3.17	1142.00
2017-06-01	63.36	7.07	87.87	6.89	2592.00
2017-07-01	60.63	8.68	118.58	7.79	4991.00
2017-08-01	80.19	8.40	115.27	7.81	5948.00
2017-09-01	26.33	6.59	43.70	6.93	3528.00
2017-10-01	12.73	1.22	9.54	2.43	1948.00
2017-11-01	2.67	-5.14	0.92	-3.96	1082.00
2017-12-01	2.33	-7.37	2.05	-4.98	784.00
2018-01-01	1.49	-9.70	4.44	-6.18	674.00
2018-02-01	6.61	-7.25	6.81	-4.78	623.00
2018-03-01	18.79	-5.02	11.28	-3.90	631.00
2018-04-01	17.55	-1.29	18.15	-0.36	680.00
2018-05-01	21.18	2.96	37.40	3.35	1174.00
2018-06-01	37.57	7.74	83.48	7.85	2194.00
2018-07-01	76.13	8.87	128.63	8.08	5278.00
2018-08-01	83.72	8.21	131.71	7.46	7751.00
2018-09-01	24.37	6.18	78.93	6.41	5753.00
2018-10-01	9.09	-0.86	18.93	-0.62	2229.00
2018-11-01	4.98	-5.43	3.99	-3.75	1225.00
2018-12-01	4.69	-9.66	4.03	-9.28	895.00
2019-01-01	4.50	-10.84			754.00
2019-02-01	9.44	-8.13			692.00
2019-03-01	16.15	-6.19			673.00
2019-04-01	18.12	-0.65			763.00
2019-05-01	22.35	3.45			1380.00
2019-06-01	23.99	8.23			2112.00
2019-07-01	82.34	8.28			4220.00
2019-08-01	55.01	8.36			5472.00
2019-09-01	44.66	5.89			3850.00
2019-10-01	14.18	0.31			2203.00
2019-11-01	7.85	-3.70			1147.00
2019-12-01	6.93	-10.43			780.00
2020-01-01	5.66	-11.49			654.00
2020-02-01	5.84	-8.97			617.00
2020-03-01	19.28	-5.34			630.00
2020-04-01	21.85	-2.21			689.00
2020-05-01	28.85	2.12			1287.00
2020-06-01	52.72	7.41			4026.00
2020-07-01	68.38	8.79			5756.00
2020-08-01	53.78	8.39			5527.00
2020-09-01	26.43	6.43			3161.00
2020-10-01	11.15	1.74			1750.00
2020-11-01	3.15	-5.03			936.00
2020-12-01	2.70	-8.57			712.00
2021-01-01	3.45	-9.90			632.00
2021-02-01	7.53	-7.95			499.00
2021-03-01	18.90	-3.76			557.00
2021-04-01	12.04	-1.25			577.00
2021-05-01	40.53	2.88			1246.00
2021-06-01	31.98	7.67			2255.00
2021-07-01	50.48	8.96			3395.00
2021-08-01	69.47	8.26			4836.00
2021-09-01	38.75	5.66			5091.00
2021-10-01	7.99	1.71			2195.00
2021-11-01	2.46	-5.41			1028.00
2021-12-01	4.94	-9.64			739.00
2022-01-01	3.94	-11.94			599.00
2022-02-01	17.67	-10.57			539.00
2022-03-01	6.74	-3.48			573.00
2022-04-01	17.09	-0.43			701.00
2022-05-01	35.08	3.31			1383.00
2022-06-01	39.17	7.79			2545.00
2022-07-01	25.51	9.31			1909.00
2022-08-01	46.44	8.38			2081.00
2022-09-01	39.82	5.76			3069.00
2022-10-01	14.09	0.46			2066.00
2022-11-01	2.48	-4.84			863.00
2022-12-01	2.99	-8.52			637.00
2023-01-01	3.67	-9.93			622.00
2023-02-01	5.64	-7.04			512.00
2023-03-01	22.30	-5.11			711.00
2023-04-01	27.41	-1.15			819.00
2023-05-01	20.78	2.38			1145.00
2023-06-01	55.07	7.34			2698.00
2023-07-01	57.60	8.81			4054.00
2023-08-01	67.15	8.41			5980.00
2023-09-01	32.26	6.54			3467.00
2023-10-01	13.88	0.34			1938.00
2023-11-01	5.39	-5.15			1102.00
2023-12-01	4.07	-8.70			903.00
2024-01-01	3.38	-11.46			736.00
2024-02-01	9.33	-8.71			665.00
2024-03-01	9.61	-4.97			659.00
2024-04-01	15.72	-0.67			748.00
2024-05-01	14.57	3.37			1410.00
2024-06-01	41.20	7.99			2499.00
2024-07-01	56.45	9.18			4711.00
2024-08-01	42.27	8.64			4067.00
2024-09-01	23.49	6.32			2451.00
2024-10-01	9.28	1.22			1946.00
2024-11-01	10.38	-4.39			1292.00
2024-12-01	4.05	-8.50			759.67
