Time	pre_cru	tem_cru	pre_cn05	tem_cn05	runoff
1961-01-01	4.57	-10.50	3.20	-9.95	
1961-02-01	7.92	-9.89	7.42	-8.94	
1961-03-01	18.10	-6.11	16.63	-5.94	
1961-04-01	13.96	-0.40	12.59	-0.26	
1961-05-01	51.78	2.60	49.22	2.51	
1961-06-01	80.90	8.16	95.84	7.59	
1961-07-01	106.84	9.42	120.28	8.73	
1961-08-01	121.53	9.05	136.95	8.30	
1961-09-01	53.09	5.41	62.36	4.64	
1961-10-01	28.04	1.71	24.17	1.23	
1961-11-01	9.38	-7.73	7.57	-8.18	
1961-12-01	3.77	-13.03	2.46	-13.53	
1962-01-01	4.60	-13.12	3.84	-12.68	
1962-02-01	7.58	-10.66	6.34	-9.69	
1962-03-01	10.66	-7.57	5.13	-7.03	
1962-04-01	12.82	-0.53	12.10	-0.39	
1962-05-01	50.45	2.87	43.22	2.53	
1962-06-01	110.37	6.86	112.06	6.37	
1962-07-01	120.40	9.18	132.40	8.56	
1962-08-01	139.09	7.78	148.13	6.85	
1962-09-01	61.94	6.26	70.11	5.13	
1962-10-01	16.52	0.05	19.17	-0.49	
1962-11-01	0.83	-6.37	5.73	-6.33	
1962-12-01	1.91	-11.15	6.76	-11.20	
1963-01-01	1.92	-14.14	1.12	-13.51	
1963-02-01	3.06	-10.62	3.15	-9.78	
1963-03-01	12.42	-6.09	8.71	-5.62	
1963-04-01	13.76	-0.47	11.58	-0.39	
1963-05-01	31.63	4.21	29.72	4.05	
1963-06-01	93.47	6.22	105.98	5.82	
1963-07-01	122.25	9.01	132.86	8.28	
1963-08-01	117.50	8.60	125.85	7.73	
1963-09-01	81.90	6.77	79.96	5.74	
1963-10-01	44.98	-0.94	33.44	-1.43	
1963-11-01	6.17	-7.86	5.91	-9.04	
1963-12-01	1.10	-11.99	1.02	-12.74	
1964-01-01	3.06	-11.99	2.57	-11.43	
1964-02-01	9.86	-9.32	9.26	-8.73	
1964-03-01	9.37	-5.45	5.59	-5.15	
1964-04-01	11.78	0.53	10.64	0.41	
1964-05-01	39.17	3.39	34.30	3.32	
1964-06-01	95.11	6.40	101.03	6.16	
1964-07-01	101.94	8.80	111.29	8.25	
1964-08-01	113.83	8.08	123.86	7.31	
1964-09-01	85.05	6.29	87.91	5.39	
1964-10-01	27.19	1.75	27.60	1.05	
1964-11-01	2.00	-6.23	2.44	-6.76	
1964-12-01	3.79	-10.39	2.51	-10.31	
1965-01-01	3.09	-11.55	1.38	-11.25	
1965-02-01	4.05	-9.54	5.02	-9.14	
1965-03-01	7.12	-7.31	6.00	-6.79	
1965-04-01	15.48	-0.84	12.55	-0.73	
1965-05-01	39.64	3.66	38.12	3.51	
1965-06-01	115.54	6.56	119.52	6.13	
1965-07-01	115.80	8.21	126.58	7.40	
1965-08-01	113.56	7.08	124.24	6.31	
1965-09-01	78.30	4.93	91.64	3.93	
1965-10-01	40.07	-0.82	28.41	-1.66	
1965-11-01	9.07	-7.98	7.75	-8.30	
1965-12-01	7.31	-10.78	6.80	-10.42	
1966-01-01	2.80	-11.23	2.29	-11.62	710.77
1966-02-01	5.18	-8.02	4.68	-7.63	601.32
1966-03-01	4.87	-3.91	4.54	-3.45	570.23
1966-04-01	11.30	-0.48	10.92	-0.63	650.70
1966-05-01	26.44	3.94	25.46	4.25	822.74
1966-06-01	81.33	6.12	85.91	5.57	1748.03
1966-07-01	124.62	9.48	131.26	8.61	3337.42
1966-08-01	154.11	9.08	161.00	8.01	6278.06
1966-09-01	82.00	4.81	80.31	4.00	6368.33
1966-10-01	25.83	-1.68	24.55	-2.51	2977.10
1966-11-01	3.23	-6.47	2.87	-6.20	1432.67
1966-12-01	2.84	-9.54	3.49	-9.51	955.23
1967-01-01	2.57	-11.53	2.01	-10.95	756.16
1967-02-01	8.23	-9.89	8.46	-9.24	653.07
1967-03-01	12.15	-6.34	10.21	-6.17	625.03
1967-04-01	12.67	-1.82	10.28	-1.52	660.67
1967-05-01	35.48	3.79	28.18	3.58	1052.97
1967-06-01	80.77	6.07	80.52	5.76	1510.33
1967-07-01	111.70	8.71	116.96	8.11	2451.94
1967-08-01	122.99	8.81	121.41	7.97	3450.00
1967-09-01	65.43	5.48	76.54	4.67	3026.67
1967-10-01	30.88	-1.01	27.68	-1.64	2033.87
1967-11-01	6.85	-8.87	6.29	-9.36	1084.93
1967-12-01	1.47	-11.92	1.53	-12.27	719.90
1968-01-01	5.50	-12.09	4.97	-12.18	565.52
1968-02-01	8.09	-11.66	5.28	-10.84	487.72
1968-03-01	9.33	-5.46	6.86	-5.04	483.97
1968-04-01	22.96	-1.94	17.58	-1.74	601.10
1968-05-01	39.46	3.37	32.62	3.44	1241.58
1968-06-01	102.41	6.25	93.30	5.72	2197.00
1968-07-01	122.43	8.06	114.37	7.45	3395.48
1968-08-01	90.75	7.67	94.91	7.01	4010.32
1968-09-01	74.92	6.29	84.74	5.32	4035.00
1968-10-01	19.63	-1.11	14.94	-1.60	2300.00
1968-11-01	1.99	-6.61	1.56	-6.92	1135.97
1968-12-01	0.65	-8.66	1.19	-9.26	777.52
1969-01-01	4.86	-10.28	5.57	-10.28	552.81
1969-02-01	0.38	-8.05	1.12	-7.39	488.11
1969-03-01	6.49	-3.79	3.71	-3.35	459.42
1969-04-01	12.00	-0.19	10.59	-0.07	523.50
1969-05-01	23.35	4.96	22.28	4.93	550.55
1969-06-01	97.44	6.76	100.77	6.52	1101.77
1969-07-01	116.13	8.72	122.84	8.09	2783.55
1969-08-01	98.60	7.96	108.56	7.39	3106.13
1969-09-01	75.29	5.66	85.74	4.61	3941.00
1969-10-01	19.30	-0.35	19.42	-1.15	1935.81
1969-11-01	4.65	-6.44	2.88	-6.48	1012.03
1969-12-01	0.80	-10.09	1.00	-9.88	656.32
1970-01-01	4.02	-11.88	3.68	-11.50	524.58
1970-02-01	5.77	-10.25	8.83	-9.77	465.54
1970-03-01	19.97	-5.90	15.41	-5.22	468.68
1970-04-01	19.20	-1.91	16.35	-1.50	649.57
1970-05-01	42.17	3.30	41.27	3.23	1257.06
1970-06-01	82.59	6.26	90.54	6.20	1757.67
1970-07-01	175.77	9.05	174.88	8.37	4568.06
1970-08-01	87.03	8.39	99.83	7.59	5440.65
1970-09-01	61.06	5.88	68.45	5.05	2593.33
1970-10-01	28.61	-0.58	27.56	-1.27	2241.29
1970-11-01	9.44	-7.04	9.68	-7.34	1296.83
1970-12-01	3.34	-9.51	2.89	-9.48	826.90
1971-01-01	3.33	-12.38	3.20	-11.66	657.10
1971-02-01	3.47	-10.34	3.19	-9.72	559.64
1971-03-01	6.78	-5.17	4.45	-4.46	535.06
1971-04-01	14.07	0.02	12.68	0.41	631.30
1971-05-01	52.02	2.73	49.08	2.60	874.39
1971-06-01	76.92	6.58	91.02	6.51	1882.00
1971-07-01	118.68	9.22	119.35	8.48	2775.16
1971-08-01	107.56	8.11	115.93	7.41	3970.97
1971-09-01	71.41	6.28	71.24	5.62	3090.33
1971-10-01	39.65	-0.01	37.91	-0.24	2121.94
1971-11-01	7.10	-7.88	7.11	-7.72	1177.50
1971-12-01	1.22	-11.48	1.13	-11.45	731.81
1972-01-01	1.71	-9.30	1.64	-9.22	577.58
1972-02-01	8.15	-9.10	8.67	-8.45	505.31
1972-03-01	6.59	-3.74	5.80	-3.62	500.87
1972-04-01	25.17	-1.62	24.94	-1.61	601.33
1972-05-01	24.14	4.49	25.44	4.32	958.26
1972-06-01	73.37	7.15	81.97	6.88	1495.67
1972-07-01	150.36	10.20	162.20	9.24	3436.77
1972-08-01	71.10	9.54	77.00	8.43	4459.35
1972-09-01	62.20	5.17	77.80	4.30	3021.00
1972-10-01	21.68	-0.42	20.39	-0.85	1766.45
1972-11-01	6.79	-8.07	6.82	-9.13	1027.33
1972-12-01	3.62	-9.88	2.00	-10.06	714.23
1973-01-01	4.24	-10.00	3.73	-9.67	567.65
1973-02-01	11.30	-8.50	9.67	-8.23	507.68
1973-03-01	6.53	-4.49	5.48	-4.09	503.00
1973-04-01	18.44	-0.29	18.82	-0.11	654.93
1973-05-01	33.62	3.76	33.41	4.01	977.74
1973-06-01	90.40	5.99	92.76	5.88	1568.37
1973-07-01	98.19	8.56	106.62	8.14	1946.45
1973-08-01	92.00	8.24	112.97	7.51	3638.39
1973-09-01	60.36	6.10	73.09	5.38	3354.67
1973-10-01	40.20	-0.11	36.76	-0.35	1698.06
1973-11-01	15.22	-7.66	15.59	-8.01	1226.00
1973-12-01	5.39	-11.52	4.01	-11.86	731.55
1974-01-01	2.79	-11.16	2.67	-11.34	527.65
1974-02-01	1.34	-8.18	1.87	-7.25	468.04
1974-03-01	18.45	-5.82	14.21	-5.29	469.03
1974-04-01	29.28	-0.89	21.53	-0.59	611.27
1974-05-01	58.97	3.74	55.78	3.74	1006.10
1974-06-01	105.90	7.15	116.12	6.71	2413.33
1974-07-01	127.61	8.14	141.75	7.42	4681.29
1974-08-01	134.78	7.89	140.83	7.26	5516.45
1974-09-01	75.10	5.22	88.11	4.47	5559.00
1974-10-01	16.76	1.99	16.12	2.05	2496.13
1974-11-01	3.16	-5.94	4.03	-5.37	1363.33
1974-12-01	2.97	-10.37	2.43	-9.90	877.71
1975-01-01	5.19	-12.56	3.67	-11.39	663.03
1975-02-01	6.52	-9.56	7.89	-8.76	588.86
1975-03-01	5.75	-5.17	4.64	-4.72	557.94
1975-04-01	25.09	-0.68	24.67	-0.59	719.40
1975-05-01	39.17	2.88	37.71	3.02	1006.45
1975-06-01	87.32	7.68	98.14	7.42	1661.67
1975-07-01	131.80	8.45	138.87	7.83	3554.84
1975-08-01	79.05	8.57	85.98	7.66	3666.45
1975-09-01	68.63	6.56	81.67	5.54	3380.33
1975-10-01	32.25	1.63	30.57	1.12	2096.77
1975-11-01	6.03	-6.28	5.89	-6.20	1200.30
1975-12-01	0.75	-11.54	0.67	-11.24	725.23
1976-01-01	2.36	-11.71	1.56	-11.35	570.55
1976-02-01	7.40	-8.12	5.56	-7.58	511.21
1976-03-01	15.80	-5.23	12.83	-4.86	509.29
1976-04-01	19.11	-1.18	17.16	-0.89	597.03
1976-05-01	42.84	2.95	44.12	3.12	976.77
1976-06-01	107.54	6.38	114.75	5.72	2069.67
1976-07-01	93.42	6.98	96.24	6.48	3145.81
1976-08-01	98.17	7.54	110.59	7.11	2550.00
1976-09-01	67.84	5.11	77.72	4.44	2918.67
1976-10-01	21.12	-0.41	17.89	-1.16	1694.19
1976-11-01	7.71	-5.44	6.35	-5.14	948.50
1976-12-01	0.79	-9.30	0.55	-9.01	654.84
1977-01-01	4.81	-10.24	3.51	-9.81	513.29
1977-02-01	13.86	-10.32	11.34	-9.00	475.79
1977-03-01	9.88	-5.48	7.49	-4.68	482.45
1977-04-01	24.78	-1.22	23.28	-0.87	627.60
1977-05-01	34.03	2.02	33.95	1.95	828.84
1977-06-01	55.39	5.99	62.40	5.88	1742.57
1977-07-01	120.00	8.93	126.37	8.39	2610.32
1977-08-01	104.23	8.12	111.54	7.50	3771.94
1977-09-01	85.41	6.39	83.98	5.23	3393.33
1977-10-01	31.59	-1.00	28.35	-1.56	2257.10
1977-11-01	11.25	-7.41	8.50	-7.29	1092.53
1977-12-01	7.11	-10.89	6.03	-10.82	702.90
1978-01-01	3.95	-13.99	2.72	-13.41	542.81
1978-02-01	7.57	-9.71	5.74	-8.85	477.29
1978-03-01	8.33	-5.38	7.76	-5.13	457.32
1978-04-01	17.63	-1.03	13.57	-1.04	603.10
1978-05-01	58.37	3.46	55.39	3.28	1238.87
1978-06-01	92.95	6.60	102.29	6.19	2805.67
1978-07-01	100.21	8.69	113.36	8.07	3684.52
1978-08-01	79.01	8.51	94.29	7.88	4446.13
1978-09-01	81.67	5.01	94.80	4.10	3571.33
1978-10-01	23.20	0.26	19.40	-0.14	2240.32
1978-11-01	12.13	-6.67	9.46	-6.66	1151.47
1978-12-01	1.12	-9.54	0.95	-10.06	765.19
1979-01-01	2.59	-9.98	2.02	-9.93	604.35
1979-02-01	5.17	-9.26	4.97	-8.91	521.68
1979-03-01	12.75	-6.10	8.67	-5.80	489.48
1979-04-01	14.83	0.69	12.42	0.82	651.43
1979-05-01	17.47	5.31	18.74	5.65	806.32
1979-06-01	93.67	7.16	94.61	6.57	976.17
1979-07-01	105.46	7.73	119.64	7.36	1951.61
1979-08-01	94.82	8.92	110.98	8.05	3528.71
1979-09-01	69.54	4.39	75.04	3.55	3708.00
1979-10-01	50.43	-1.01	45.54	-1.70	3104.19
1979-11-01	4.65	-6.13	2.82	-5.99	1295.00
1979-12-01	11.29	-10.34	8.88	-10.59	856.61
1980-01-01	2.85	-12.09	1.91	-11.87	619.68
1980-02-01	4.47	-8.72	5.02	-8.42	528.45
1980-03-01	15.16	-4.81	12.97	-4.68	508.48
1980-04-01	14.84	-0.39	15.20	-0.45	685.50
1980-05-01	36.79	3.67	36.36	3.44	1058.55
1980-06-01	84.36	6.74	96.11	6.27	1642.80
1980-07-01	110.56	8.61	122.12	8.08	2802.26
1980-08-01	136.20	7.82	140.78	7.34	4814.52
1980-09-01	84.68	5.73	93.77	5.09	3928.00
1980-10-01	47.40	-0.89	44.22	-1.53	3245.81
1980-11-01	1.00	-5.33	1.14	-6.09	1415.67
1980-12-01	0.87	-9.42	0.77	-9.44	864.65
1981-01-01	6.93	-11.28	6.44	-11.33	647.71
1981-02-01	10.15	-7.87	7.70	-7.50	572.43
1981-03-01	17.25	-5.27	14.17	-5.21	565.77
1981-04-01	19.26	-0.86	16.02	-0.76	666.33
1981-05-01	45.47	3.62	44.62	3.56	1201.45
1981-06-01	93.78	7.99	103.47	7.45	2351.67
1981-07-01	115.00	9.90	131.29	8.98	4430.65
1981-08-01	111.38	9.75	111.74	8.82	3457.10
1981-09-01	69.22	5.93	76.38	5.14	3777.00
1981-10-01	5.84	0.86	6.62	0.56	1726.45
1981-11-01	6.32	-7.33	4.36	-7.08	970.23
1981-12-01	3.57	-11.26	2.88	-10.87	662.61
1982-01-01	1.14	-9.84	0.75	-9.84	535.87
1982-02-01	8.50	-10.10	7.31	-9.92	487.25
1982-03-01	8.66	-4.91	8.34	-4.66	468.26
1982-04-01	26.20	-2.17	20.51	-1.64	548.63
1982-05-01	25.26	3.22	25.93	3.28	779.29
1982-06-01	118.09	6.34	122.96	5.94	1849.77
1982-07-01	117.33	8.94	133.76	8.30	4935.48
1982-08-01	80.81	8.46	82.16	7.89	2586.45
1982-09-01	87.80	5.94	94.14	5.14	3373.67
1982-10-01	19.97	0.44	21.82	-0.37	2160.00
1982-11-01	9.20	-6.22	7.88	-6.86	1099.03
1982-12-01	6.39	-11.42	3.84	-11.21	710.71
1983-01-01	9.59	-13.34	5.81	-12.96	534.39
1983-02-01	8.68	-12.64	8.09	-12.05	474.11
1983-03-01	20.07	-6.76	13.42	-6.04	483.23
1983-04-01	19.54	-2.39	20.12	-2.39	621.60
1983-05-01	32.00	3.64	28.60	3.57	1317.58
1983-06-01	69.45	6.55	79.32	6.61	1755.00
1983-07-01	129.07	8.76	129.54	8.53	2927.74
1983-08-01	90.18	7.80	104.15	7.28	3183.23
1983-09-01	67.92	6.25	75.07	5.44	2611.00
1983-10-01	36.08	1.05	37.59	0.68	1818.39
1983-11-01	6.25	-6.94	6.06	-7.19	1000.50
1983-12-01	7.09	-10.74	7.47	-10.74	631.58
1984-01-01	5.28	-11.73	4.59	-11.33	512.77
1984-02-01	1.14	-7.20	2.01	-6.49	442.14
1984-03-01	5.37	-4.29	4.99	-3.47	425.77
1984-04-01	20.93	0.33	20.11	0.19	622.10
1984-05-01	37.56	3.28	36.87	3.37	803.94
1984-06-01	101.51	7.25	107.04	6.93	1512.17
1984-07-01	134.89	8.40	150.28	7.83	4264.19
1984-08-01	68.94	7.26	75.66	6.76	3252.26
1984-09-01	50.37	5.16	60.19	4.33	2775.67
1984-10-01	27.40	0.84	26.31	0.43	1597.42
1984-11-01	2.44	-6.56	2.52	-7.07	1032.97
1984-12-01	2.19	-8.21	2.74	-8.13	697.74
1985-01-01	3.35	-11.20	4.05	-10.90	536.32
1985-02-01	5.53	-10.06	3.82	-9.39	467.18
1985-03-01	17.93	-4.37	13.73	-3.44	478.52
1985-04-01	25.70	-0.99	19.42	-0.64	666.93
1985-05-01	42.64	4.06	41.33	3.78	975.45
1985-06-01	118.18	6.69	123.68	6.14	2385.67
1985-07-01	122.27	7.78	141.86	7.25	4749.35
1985-08-01	100.50	9.33	112.14	8.55	3817.10
1985-09-01	90.08	5.10	102.70	4.42	4509.00
1985-10-01	30.10	-0.69	28.50	-1.16	2718.71
1985-11-01	4.09	-7.94	2.72	-10.04	1268.00
1985-12-01	5.18	-10.36	4.10	-11.23	858.81
1986-01-01	2.12	-11.88	1.58	-12.14	658.13
1986-02-01	3.89	-9.93	3.12	-9.35	553.21
1986-03-01	9.73	-5.86	5.85	-5.52	521.84
1986-04-01	26.14	-1.28	25.24	-1.32	645.43
1986-05-01	30.99	3.80	27.65	3.81	1160.42
1986-06-01	78.31	7.51	80.93	7.44	1442.33
1986-07-01	104.00	8.83	113.44	8.41	2943.55
1986-08-01	99.26	7.97	101.28	7.51	2440.65
1986-09-01	71.88	4.52	88.56	3.85	3544.67
1986-10-01	40.34	-1.22	39.69	-1.92	2980.65
1986-11-01	9.84	-5.75	8.44	-6.28	1277.10
1986-12-01	3.84	-8.96	2.72	-9.34	808.61
1987-01-01	2.88	-10.55	1.87	-10.44	600.68
1987-02-01	7.77	-7.23	6.88	-7.02	536.43
1987-03-01	10.29	-4.64	5.94	-4.30	496.03
1987-04-01	21.57	-0.68	19.18	-0.71	580.63
1987-05-01	24.82	3.62	23.54	3.55	764.77
1987-06-01	72.88	8.45	81.25	8.36	1220.93
1987-07-01	134.80	9.12	155.14	8.28	3869.03
1987-08-01	104.84	7.62	120.50	6.77	4906.77
1987-09-01	112.15	5.25	121.76	4.36	5196.67
1987-10-01	20.27	0.29	18.40	-0.50	3223.55
1987-11-01	5.90	-4.97	3.51	-5.44	1448.33
1987-12-01	6.77	-10.62	5.66	-10.63	926.65
1988-01-01	3.65	-10.33	2.45	-10.07	699.35
1988-02-01	8.47	-7.08	9.65	-6.80	597.83
1988-03-01	16.99	-4.56	15.45	-4.25	609.90
1988-04-01	19.89	-0.87	17.05	-0.62	730.03
1988-05-01	46.23	3.89	41.07	3.68	1084.97
1988-06-01	67.76	7.55	77.55	7.40	1493.67
1988-07-01	112.12	9.41	121.35	8.73	2201.94
1988-08-01	112.16	8.73	121.48	8.04	3429.35
1988-09-01	78.68	5.62	89.68	4.95	3716.33
1988-10-01	19.25	1.72	22.54	1.29	2421.29
1988-11-01	11.61	-5.84	10.17	-6.17	1225.93
1988-12-01	2.88	-8.46	1.84	-8.92	805.16
1989-01-01	3.36	-11.65	2.30	-11.57	600.03
1989-02-01	10.50	-9.02	10.82	-8.68	543.93
1989-03-01	11.18	-4.92	6.98	-4.06	524.84
1989-04-01	21.56	-1.64	18.05	-1.71	568.07
1989-05-01	55.23	3.88	54.08	4.07	977.32
1989-06-01	111.62	7.53	106.80	7.17	2672.00
1989-07-01	126.04	9.21	119.73	8.46	4246.77
1989-08-01	100.26	8.30	108.95	7.50	3936.45
1989-09-01	78.78	6.94	96.75	5.90	4256.33
1989-10-01	56.35	1.00	56.22	0.24	3859.35
1989-11-01	8.38	-6.18	6.41	-6.63	1739.00
1989-12-01	5.56	-11.26	4.27	-11.50	1006.55
1990-01-01	2.88	-9.32	2.33	-8.90	742.87
1990-02-01	6.92	-8.53	7.57	-8.22	653.71
1990-03-01	17.07	-6.12	10.43	-5.75	608.23
1990-04-01	23.81	-1.73	19.70	-1.84	669.80
1990-05-01	54.83	2.62	55.35	2.54	1328.90
1990-06-01	91.57	6.75	98.95	6.28	2873.00
1990-07-01	116.26	8.77	128.81	8.20	3684.52
1990-08-01	77.49	8.27	91.27	7.60	3455.16
1990-09-01	82.63	5.42	96.63	4.34	4455.00
1990-10-01	35.92	-0.17	35.86	-0.65	3253.87
1990-11-01	3.09	-5.15	2.03	-5.70	1472.33
1990-12-01	3.88	-8.79	3.30	-9.56	965.61
1991-01-01	8.71	-12.68	6.96	-12.09	727.48
1991-02-01	4.10	-7.45	4.91	-6.76	630.32
1991-03-01	12.75	-4.01	10.46	-3.71	606.16
1991-04-01	18.96	-0.96	17.73	-0.56	667.63
1991-05-01	32.90	3.89	33.14	3.80	1086.16
1991-06-01	95.46	7.65	105.62	7.53	1823.33
1991-07-01	134.04	9.36	140.72	9.00	3727.10
1991-08-01	138.35	7.97	134.42	7.42	6308.06
1991-09-01	68.77	5.12	84.65	4.78	4661.00
1991-10-01	14.99	0.16	13.81	0.25	2339.35
1991-11-01	8.37	-7.03	6.11	-6.92	1326.00
1991-12-01	5.28	-10.21	5.22	-10.21	885.71
1992-01-01	5.54	-12.20	3.11	-11.61	728.32
1992-02-01	9.60	-11.69	8.51	-10.92	644.76
1992-03-01	21.71	-4.75	18.28	-4.26	666.55
1992-04-01	16.32	-0.10	13.42	0.06	1016.67
1992-05-01	34.98	3.37	34.19	3.43	1192.90
1992-06-01	77.00	6.81	83.79	6.83	1326.67
1992-07-01	112.38	7.43	120.06	7.09	2765.16
1992-08-01	76.95	8.16	93.73	7.65	2822.90
1992-09-01	53.73	6.12	63.19	5.67	2352.67
1992-10-01	37.35	-1.19	35.69	-1.22	1817.74
1992-11-01	7.29	-7.60	6.40	-7.56	1095.27
1992-12-01	3.13	-11.01	2.50	-11.34	725.42
1993-01-01	10.40	-12.74	11.36	-11.76	602.61
1993-02-01	13.23	-8.05	9.99	-7.45	560.50
1993-03-01	10.37	-5.49	9.56	-5.02	540.84
1993-04-01	13.80	-0.80	13.12	-0.56	616.63
1993-05-01	35.96	3.23	33.21	3.55	1024.84
1993-06-01	81.57	6.47	91.23	6.28	1390.57
1993-07-01	109.73	8.74	120.89	8.46	3116.13
1993-08-01	159.84	7.96	173.03	7.61	6906.77
1993-09-01	70.02	4.82	85.43	4.35	5057.33
1993-10-01	26.18	-0.53	23.71	-0.29	2945.48
1993-11-01	3.24	-5.55	2.12	-5.73	1362.67
1993-12-01	1.47	-9.27	1.06	-9.02	885.81
1994-01-01	5.68	-9.24	7.36	-8.68	668.10
1994-02-01	7.63	-8.88	6.69	-8.68	589.18
1994-03-01	23.97	-6.05	24.89	-5.42	588.74
1994-04-01	13.96	-0.43	13.58	-0.34	768.47
1994-05-01	34.83	4.12	36.96	4.28	997.00
1994-06-01	92.88	6.86	99.90	6.92	1814.33
1994-07-01	85.19	8.73	90.58	8.35	1923.87
1994-08-01	74.51	8.90	91.81	8.31	2223.55
1994-09-01	66.66	7.16	75.30	6.93	2393.33
1994-10-01	19.81	-0.40	13.55	-0.41	1190.87
1994-11-01	11.57	-6.40	8.29	-6.36	783.23
1994-12-01	2.77	-9.91	1.49	-9.91	571.03
1995-01-01	7.32	-12.50	5.29	-11.86	474.39
1995-02-01	9.71	-10.73	9.82	-9.70	446.54
1995-03-01	12.16	-5.15	7.85	-4.27	446.65
1995-04-01	20.13	-1.40	17.71	-1.16	500.23
1995-05-01	33.71	5.48	31.62	5.69	1181.61
1995-06-01	93.98	8.36	106.42	8.17	1726.33
1995-07-01	119.48	8.49	126.47	7.96	3669.35
1995-08-01	103.44	7.76	114.20	7.48	3185.16
1995-09-01	90.29	6.22	94.93	5.50	3449.00
1995-10-01	20.71	0.46	21.61	0.45	2363.23
1995-11-01	15.26	-6.05	14.13	-5.51	1190.63
1995-12-01	4.95	-10.76	3.96	-10.40	750.48
1996-01-01	5.03	-12.04	3.76	-11.53	569.23
1996-02-01	8.35	-8.58	9.55	-7.84	524.76
1996-03-01	24.60	-3.86	19.15	-3.26	546.68
1996-04-01	20.95	-0.36	16.11	0.16	740.50
1996-05-01	50.85	3.69	49.11	3.88	1008.97
1996-06-01	76.26	6.54	81.09	6.46	1409.00
1996-07-01	150.79	8.81	147.51	8.49	4165.81
1996-08-01	86.07	8.97	92.75	8.43	4268.39
1996-09-01	75.00	4.90	89.50	4.56	3168.67
1996-10-01	32.25	0.05	30.22	0.25	2166.77
1996-11-01	6.23	-6.26	4.54	-5.70	1187.13
1996-12-01	0.42	-10.14	0.56	-9.74	763.90
1997-01-01	3.42	-11.89	1.84	-11.54	574.71
1997-02-01	7.42	-11.29	6.58	-10.66	505.71
1997-03-01	16.74	-4.78	14.82	-4.38	499.13
1997-04-01	20.81	-2.26	16.08	-1.83	555.27
1997-05-01	38.02	3.47	36.98	3.59	998.26
1997-06-01	101.70	6.22	98.92	6.17	1659.67
1997-07-01	118.43	8.42	121.43	7.87	4031.29
1997-08-01	74.62	8.43	83.89	7.84	2816.77
1997-09-01	81.49	4.31	93.19	3.92	2861.33
1997-10-01	25.22	-1.88	19.54	-1.91	2035.48
1997-11-01	6.63	-7.19	6.55	-7.14	1041.03
1997-12-01	7.46	-11.81	7.04	-11.73	718.68
1998-01-01	5.79	-11.13	5.35	-10.92	560.35
1998-02-01	6.68	-8.38	5.86	-8.34	487.50
1998-03-01	19.26	-5.33	19.59	-4.89	498.74
1998-04-01	19.64	0.13	16.16	0.22	687.63
1998-05-01	31.55	5.19	29.53	5.27	1455.48
1998-06-01	98.86	8.47	110.03	8.31	1835.00
1998-07-01	161.10	8.90	163.07	8.84	5515.81
1998-08-01	147.37	8.23	157.11	8.05	6919.68
1998-09-01	65.44	6.31	66.81	5.73	5717.67
1998-10-01	50.16	0.90	42.25	0.86	2611.94
1998-11-01	13.39	-5.02	8.44	-5.15	1610.67
1998-12-01	3.23	-9.67	1.82	-9.69	974.97
1999-01-01	4.61	-10.47	2.72	-10.05	733.71
1999-02-01	4.03	-5.76	3.28	-5.02	636.36
1999-03-01	8.25	-3.33	6.41	-2.47	592.65
1999-04-01	13.66	1.23	10.96	2.05	632.83
1999-05-01	67.19	3.62	62.66	3.89	916.52
1999-06-01	123.69	7.98	126.06	8.09	2331.33
1999-07-01	107.09	8.70	114.67	8.42	4368.39
1999-08-01	122.51	8.24	127.13	7.80	4388.39
1999-09-01	70.36	6.15	81.73	5.63	5067.00
1999-10-01	46.78	-0.16	43.38	0.07	2345.81
1999-11-01	15.47	-5.99	12.05	-6.25	1668.67
1999-12-01	2.26	-11.18	2.34	-11.23	970.81
2000-01-01	7.70	-11.37	6.72	-11.01	713.00
2000-02-01	7.33	-10.60	6.52	-9.95	624.00
2000-03-01	12.28	-6.31	8.97	-5.77	566.00
2000-04-01	31.28	-1.45	28.44	-1.10	801.00
2000-05-01	53.83	3.64	53.25	3.70	1510.00
2000-06-01	96.48	7.73	106.40	7.69	2700.00
2000-07-01	113.50	9.92	126.87	9.38	4810.00
2000-08-01	115.49	7.75	133.78	7.49	4950.00
2000-09-01	83.69	4.95	95.62	4.56	6280.00
2000-10-01	24.42	0.36	25.28	0.27	2690.00
2000-11-01	7.26	-6.11	5.83	-5.91	1470.00
2000-12-01	1.78	-9.93	1.01	-9.73	959.00
2001-01-01	3.56	-10.48	3.55	-9.92	728.00
2001-02-01	4.94	-7.66	4.67	-6.99	631.00
2001-03-01	12.00	-5.87	7.22	-5.29	570.00
2001-04-01	18.18	-1.00	18.92	-0.73	634.00
2001-05-01	58.02	2.35	65.20	2.61	1020.00
2001-06-01	97.84	6.50	106.79	6.32	2680.00
2001-07-01	88.35	9.96	104.48	9.46	3180.00
2001-08-01	139.64	8.21	132.30	7.90	4570.00
2001-09-01	76.55	6.59	90.14	6.24	5450.00
2001-10-01	32.99	0.55	29.46	0.46	2920.00
2001-11-01	8.20	-5.59	6.22	-5.27	1500.00
2001-12-01	3.18	-9.15	2.21	-8.98	939.00
2002-01-01	8.44	-11.52	7.23	-10.89	704.00
2002-02-01	2.53	-7.13	4.31	-6.59	616.00
2002-03-01	14.00	-4.96	8.60	-4.47	585.00
2002-04-01	22.47	0.53	18.99	0.74	723.00
2002-05-01	57.29	2.79	55.30	2.88	1080.00
2002-06-01	107.86	7.65	104.18	7.69	1970.00
2002-07-01	145.25	9.70	160.16	9.20	5400.00
2002-08-01	92.77	8.37	101.29	7.86	5920.00
2002-09-01	76.09	5.64	83.17	5.07	2930.00
2002-10-01	26.91	-0.99	20.48	-0.99	2490.00
2002-11-01	7.07	-6.62	5.68	-6.07	1270.00
2002-12-01	1.66	-8.57	1.09	-8.44	828.00
2003-01-01	3.86	-10.09	4.78	-9.74	642.00
2003-02-01	7.84	-7.76	7.06	-7.65	579.00
2003-03-01	6.25	-4.54	5.77	-3.96	538.00
2003-04-01	13.07	0.58	11.68	0.90	615.00
2003-05-01	40.92	2.95	44.42	3.07	793.00
2003-06-01	115.56	6.75	126.46	6.59	2330.00
2003-07-01	110.93	8.66	116.86	8.31	3680.00
2003-08-01	117.87	9.39	132.93	9.03	3890.00
2003-09-01	78.41	6.13	95.98	5.68	5880.00
2003-10-01	23.03	1.11	20.22	1.37	2400.00
2003-11-01	2.66	-5.18	2.13	-4.99	1290.00
2003-12-01	6.36	-8.88	4.70	-8.46	848.00
2004-01-01	6.13	-10.53	6.04	-10.06	660.00
2004-02-01	4.10	-8.95	3.35	-8.44	559.00
2004-03-01	12.42	-3.07	9.01	-2.24	562.00
2004-04-01	31.01	-0.31	25.62	0.07	803.00
2004-05-01	61.07	3.76	55.83	3.95	1120.00
2004-06-01	101.42	6.57	102.95	6.35	2060.00
2004-07-01	123.45	8.44	131.71	7.91	4440.00
2004-08-01	110.95	8.87	117.06	8.52	4380.00
2004-09-01	65.29	6.00	80.74	5.64	4770.00
2004-10-01	38.02	-0.50	32.11	-0.38	2670.00
2004-11-01	6.99	-7.15	4.48	-7.07	1360.00
2004-12-01	2.25	-8.70	1.63	-8.57	891.00
2005-01-01	4.38	-9.35	4.60	-8.82	689.00
2005-02-01	12.26	-7.50	13.48	-7.02	607.00
2005-03-01	27.45	-4.24	21.66	-3.67	660.00
2005-04-01	22.00	-0.55	18.14	-0.27	764.00
2005-05-01	30.48	3.63	31.66	3.59	1310.00
2005-06-01	79.61	7.50	97.88	7.52	2180.00
2005-07-01	144.19	9.52	143.57	9.18	3870.00
2005-08-01	137.81	9.11	149.37	8.75	7250.00
2005-09-01	61.48	6.73	69.93	6.27	4930.00
2005-10-01	37.73	0.28	35.08	0.38	2860.00
2005-11-01	4.93	-6.08	2.56	-5.95	1490.00
2005-12-01	2.08	-9.43	1.71	-9.07	927.00
2006-01-01	0.63	-7.37	0.50	-6.30	708.00
2006-02-01	13.80	-5.73	9.84	-4.84	635.00
2006-03-01	14.99	-4.74	10.91	-4.10	606.00
2006-04-01	19.19	-0.81	16.59	-0.33	684.00
2006-05-01	53.72	3.61	51.22	3.76	1110.00
2006-06-01	89.18	7.74	97.31	7.79	2580.00
2006-07-01	93.56	10.59	101.64	10.27	2990.00
2006-08-01	75.06	9.71	84.84	9.24	2130.00
2006-09-01	64.27	6.41	70.02	6.08	2450.00
2006-10-01	35.64	0.03	29.01	0.05	1800.00
2006-11-01	8.89	-5.78	6.33	-5.66	992.00
2006-12-01	6.23	-9.47	3.28	-9.02	645.00
2007-01-01	2.07	-10.51	1.54	-9.70	533.00
2007-02-01	10.06	-8.81	8.76	-8.43	486.00
2007-03-01	7.85	-3.80	5.27	-3.15	462.00
2007-04-01	26.55	-0.19	20.59	0.38	598.00
2007-05-01	64.30	4.82	62.39	4.85	1130.00
2007-06-01	71.86	6.65	73.95	6.67	1400.00
2007-07-01	125.11	9.09	146.14	8.89	2980.00
2007-08-01	102.21	9.61	120.78	9.12	3660.00
2007-09-01	79.12	6.00	86.68	5.45	5010.00
2007-10-01	23.29	1.64	21.42	1.77	2300.00
2007-11-01	7.79	-6.31	13.42	-6.23	1300.00
2007-12-01	2.50	-8.32	2.07	-8.45	807.00
2008-01-01	8.58	-8.99	13.47	-8.39	647.00
2008-02-01	6.65	-11.32	5.93	-9.96	573.00
2008-03-01	17.94	-5.05	9.90	-4.62	569.00
2008-04-01	18.45	-0.31	14.90	0.18	705.00
2008-05-01	61.59	4.53	60.50	4.68	1330.00
2008-06-01	89.52	6.86	102.72	6.78	2040.00
2008-07-01	135.86	9.01	141.78	8.73	3400.00
2008-08-01	124.53	7.71	134.28	7.44	5400.00
2008-09-01	66.46	6.22	77.72	5.79	4440.00
2008-10-01	45.18	-0.33	42.80	-0.38	2510.00
2008-11-01	5.31	-6.27	4.83	-6.21	1550.00
2008-12-01	0.81	-8.40	0.66	-8.25	893.00
2009-01-01	3.63	-9.13	2.18	-8.41	687.00
2009-02-01	5.12	-6.11	7.51	-5.89	610.00
2009-03-01	10.44	-4.07	7.28	-3.62	585.00
2009-04-01	20.62	1.02	14.30	1.67	714.00
2009-05-01	47.73	3.83	45.98	4.35	794.00
2009-06-01	89.08	8.22	100.01	8.15	1830.00
2009-07-01	158.19	9.95	157.52	9.65	4460.00
2009-08-01	119.49	8.47	125.90	8.19	5760.00
2009-09-01	70.40	7.27	70.83	6.77	3610.00
2009-10-01	35.43	0.75	29.25	0.92	2410.00
2009-11-01	3.72	-5.32	5.11	-4.70	1300.00
2009-12-01	2.35	-9.17	1.76	-8.79	811.00
2010-01-01	1.72	-9.12	1.21	-8.90	616.00
2010-02-01	2.19	-6.61	3.48	-6.16	566.00
2010-03-01	17.06	-3.24	11.06	-2.76	552.00
2010-04-01	20.63	-0.10	28.56	0.13	798.00
2010-05-01	45.58	4.75	46.13	4.78	1170.00
2010-06-01	99.74	7.42	94.76	7.49	1680.00
2010-07-01	121.58	10.71	128.70	10.35	3930.00
2010-08-01	116.38	9.99	123.87	9.55	3720.00
2010-09-01	76.96	6.83	85.62	6.31	4370.00
2010-10-01	47.24	0.29	41.11	0.38	2800.00
2010-11-01	9.88	-5.75	8.37	-5.31	1450.00
2010-12-01	2.53	-10.51	1.68	-10.03	771.00
2011-01-01	6.20	-11.31	5.41	-10.54	625.00
2011-02-01	5.92	-6.97	4.39	-6.53	586.00
2011-03-01	18.42	-5.64	14.10	-4.80	579.00
2011-04-01	20.52	-0.20	18.34	0.19	757.00
2011-05-01	51.56	4.09	51.38	4.41	1160.00
2011-06-01	88.79	7.33	95.45	7.28	1920.00
2011-07-01	121.49	9.17	133.48	8.81	3400.00
2011-08-01	78.99	8.66	85.07	8.12	3290.00
2011-09-01	76.39	6.62	87.13	6.67	2220.00
2011-10-01	24.84	0.31	22.70	0.45	1850.00
2011-11-01	6.43	-5.31	5.03	-5.33	1000.00
2011-12-01	1.08	-8.63	0.91	-8.02	606.00
2012-01-01	6.63	-11.32	7.53	-10.57	488.00
2012-02-01	5.58	-7.22	6.36	-6.48	458.00
2012-03-01	12.56	-5.02	10.89	-4.29	468.00
2012-04-01	23.26	-0.74	25.22	-0.43	641.00
2012-05-01	38.20	4.79	33.00	5.21	1130.00
2012-06-01	117.55	7.67	117.45	7.70	2320.00
2012-07-01	153.64	9.43	157.48	9.36	5080.00
2012-08-01	107.17	9.23	110.84	8.98	4530.00
2012-09-01	62.75	5.68	70.84	5.44	3600.00
2012-10-01	26.14	-0.42	24.89	-0.15	2280.00
2012-11-01	1.29	-5.97	1.29	-5.66	1170.00
2012-12-01	2.39	-9.10	1.76	-8.57	778.00
2013-01-01	1.83	-10.65	1.60	-10.02	532.00
2013-02-01	4.45	-6.24	5.79	-5.58	535.00
2013-03-01	10.95	-3.51	6.73	-2.93	547.00
2013-04-01	25.78	-0.44	18.59	-0.14	659.00
2013-05-01	59.49	3.78	48.47	3.99	1050.00
2013-06-01	79.68	8.71	85.36	8.76	1730.00
2013-07-01	129.62	9.79	124.60	9.58	3880.00
2013-08-01	63.50	9.75	57.44	9.35	3040.00
2013-09-01	74.93	5.06	76.93	4.91	3320.00
2013-10-01	41.58	-0.09	32.15	0.18	2240.00
2013-11-01	4.00	-6.86	2.75	-6.22	1470.00
2013-12-01	2.88	-10.51	2.19	-9.69	910.00
2014-01-01	3.40	-10.43	2.65	-9.18	647.00
2014-02-01	5.02	-8.01	7.97	-6.70	497.00
2014-03-01	14.37	-4.51	9.37	-3.54	459.00
2014-04-01	11.70	-0.22	8.81	0.31	443.00
2014-05-01	38.24	4.09	27.66	4.55	589.00
2014-06-01	116.16	7.64	118.56	8.01	1390.00
2014-07-01	122.20	9.39	109.08	9.37	3860.00
2014-08-01	135.53	7.95	100.58	8.07	4920.00
2014-09-01	89.36	6.16	79.68	6.06	4850.00
2014-10-01	17.81	0.46	12.32	0.69	2420.00
2014-11-01	2.76	-5.41	2.99	-4.79	797.00
2014-12-01	6.68	-9.76	4.71	-8.54	550.00
2015-01-01	5.70	-11.50	12.43	-10.25	569.00
2015-02-01	3.04	-8.22	3.12	-7.04	569.00
2015-03-01	10.61	-3.48	5.65	-2.27	593.00
2015-04-01	28.43	-0.62	20.64	0.06	699.00
2015-05-01	46.43	4.00	35.07	4.55	726.00
2015-06-01	86.99	7.52	82.56	8.04	1830.00
2015-07-01	77.42	8.39	67.07	8.17	2230.00
2015-08-01	118.38	8.05	102.35	8.06	2310.00
2015-09-01	69.49	6.68	72.32	6.92	3840.00
2015-10-01	21.61	0.47	23.64	0.78	1790.00
2015-11-01	2.71	-4.57	2.22	-3.94	1170.00
2015-12-01	2.69	-10.08	2.53	-9.18	819.00
2016-01-01	3.49	-11.61	3.02	-10.42	701.00
2016-02-01	6.96	-8.58	7.48	-7.00	481.00
2016-03-01	10.49	-4.12	9.88	-3.23	614.00
2016-04-01	33.54	-0.24	32.17	0.37	499.00
2016-05-01	61.72	3.96	53.55	4.50	996.00
2016-06-01	93.27	7.59	101.93	7.99	2020.00
2016-07-01	130.25	9.47	145.81	9.30	4540.00
2016-08-01	68.03	10.08	74.41	10.42	3150.00
2016-09-01	84.89	5.64	105.57	5.60	3570.00
2016-10-01	29.55	1.34	29.59	1.54	2340.00
2016-11-01	10.48	-5.00	9.59	-3.94	1570.00
2016-12-01	1.97	-7.90	1.86	-6.89	817.00
2017-01-01	3.85	-9.90	3.81	-9.28	673.00
2017-02-01	5.10	-7.09	7.89	-5.90	850.00
2017-03-01	22.27	-5.53	16.57	-4.53	476.00
2017-04-01	32.97	-0.46	22.66	0.69	578.00
2017-05-01	47.47	3.47	40.85	3.87	1100.00
2017-06-01	112.10	6.73	103.07	7.12	2200.00
2017-07-01	103.78	9.61	100.25	9.36	3970.00
2017-08-01	126.37	9.32	95.94	9.28	4020.00
2017-09-01	76.30	6.85	69.34	6.83	3770.00
2017-10-01	36.28	1.55	29.34	2.21	2390.00
2017-11-01	3.63	-5.78	4.71	-5.08	1540.00
2017-12-01	0.75	-8.14	0.98	-6.83	1070.00
2018-01-01	2.32	-9.74	2.91	-8.23	730.00
2018-02-01	3.91	-7.93	5.40	-6.26	535.00
2018-03-01	13.86	-4.47	8.38	-3.48	783.00
2018-04-01	16.05	-0.15	16.25	0.64	681.00
2018-05-01	41.93	4.14	38.01	4.60	1130.00
2018-06-01	98.79	7.73	97.33	7.95	1770.00
2018-07-01	132.83	9.88	127.98	9.69	4700.00
2018-08-01	108.99	9.24	111.00	9.25	5180.00
2018-09-01	105.02	6.44	84.33	6.51	5290.00
2018-10-01	26.56	-1.18	27.06	-1.12	3200.00
2018-11-01	6.80	-6.49	5.55	-5.82	1580.00
2018-12-01	6.44	-10.04	2.48	-8.99	950.00
2019-01-01	4.63	-10.67			929.00
2019-02-01	8.78	-7.52			593.00
2019-03-01	14.76	-5.61			710.00
2019-04-01	17.56	0.62			829.00
2019-05-01	49.03	4.17			1630.00
2019-06-01	72.02	7.92			1940.00
2019-07-01	126.42	8.50			3240.00
2019-08-01	97.41	9.45			2990.00
2019-09-01	92.02	6.14			3980.00
2019-10-01	32.66	0.65			2590.00
2019-11-01	7.12	-4.10			1380.00
2019-12-01	4.18	-11.04			1600.00
2020-01-01	11.46	-10.86			659.00
2020-02-01	9.19	-9.24			577.00
2020-03-01	7.34	-4.33			751.00
2020-04-01	22.72	-1.40			873.00
2020-05-01	55.93	3.17			1060.00
2020-06-01	93.89	7.62			3050.00
2020-07-01	137.15	9.25			3900.00
2020-08-01	110.01	9.19			5130.00
2020-09-01	69.87	7.06			3930.00
2020-10-01	16.04	1.82			2500.00
2020-11-01	4.17	-5.03			1420.00
2020-12-01	1.39	-9.16			951.00
2021-01-01	2.54	-10.24			799.00
2021-02-01	3.35	-7.71			650.00
2021-03-01	6.55	-3.30			573.00
2021-04-01	16.11	-0.56			750.00
2021-05-01	49.99	4.07			822.00
2021-06-01	105.30	8.28			1880.00
2021-07-01	125.97	9.76			3080.00
2021-08-01	140.17	9.00			4020.00
2021-09-01	65.40	6.33			4350.00
2021-10-01	32.26	2.19			2370.00
2021-11-01	4.40	-6.43			1360.00
2021-12-01	3.96	-9.66			913.00
2022-01-01	4.71	-11.52			637.00
2022-02-01	13.80	-11.04			608.00
2022-03-01	9.03	-2.73			573.00
2022-04-01	36.70	-0.52			981.00
2022-05-01	63.80	3.92			1750.00
2022-06-01	117.39	7.73			3260.00
2022-07-01	93.09	10.24			2780.00
2022-08-01	77.18	9.75			2420.00
2022-09-01	86.54	5.98			2970.00
2022-10-01	33.48	0.98			2810.00
2022-11-01	3.40	-4.97			1460.00
2022-12-01	3.14	-9.60			1110.00
2023-01-01	2.33	-10.31			637.00
2023-02-01	5.10	-6.96			659.00
2023-03-01	9.68	-4.37			503.00
2023-04-01	11.57	-0.10			466.00
2023-05-01	38.03	3.82			891.00
2023-06-01	92.62	7.49			1980.00
2023-07-01	113.88	9.64			2720.00
2023-08-01	140.53	9.43			4930.00
2023-09-01	77.32	7.22			3910.00
2023-10-01	30.28	0.71			2570.00
2023-11-01	7.10	-5.58			1310.00
2023-12-01	4.69	-8.77			1030.00
2024-01-01	3.54	-10.88			537.00
2024-02-01	7.57	-8.50			507.00
2024-03-01	11.82	-3.91			556.00
2024-04-01	25.36	0.13			729.00
2024-05-01	49.29	4.12			1500.00
2024-06-01	105.71	7.47			2500.00
2024-07-01	157.75	10.15			4660.00
2024-08-01	50.37	10.05			3620.00
2024-09-01	70.74	7.32			2710.00
2024-10-01	33.10	1.32			2220.00
2024-11-01	8.79	-4.97			1376.67
2024-12-01	2.05	-9.05			1017.67
