Time	pre_cru	tem_cru	pre_cn05	tem_cn05	runoff
1961-01-01	2.29	-15.72	2.42	-15.75	65.68
1961-02-01	2.78	-14.87	3.16	-14.75	68.88
1961-03-01	5.27	-10.71	5.17	-10.92	66.38
1961-04-01	7.75	-4.09	9.62	-4.42	142.38
1961-05-01	21.68	-1.00	26.52	-1.29	202.38
1961-06-01	66.95	5.21	69.87	4.64	438.38
1961-07-01	68.54	7.17	75.78	6.49	967.38
1961-08-01	97.39	6.86	105.99	5.96	1350.38
1961-09-01	35.55	2.34	42.60	1.46	698.38
1961-10-01	25.08	-2.33	22.69	-3.26	560.38
1961-11-01	4.33	-12.87	4.92	-13.66	202.38
1961-12-01	3.61	-18.74	2.58	-19.98	79.48
1962-01-01	2.68	-18.24	2.89	-18.93	68.48
1962-02-01	3.93	-15.85	4.76	-15.65	66.98
1962-03-01	2.99	-12.37	2.71	-12.32	68.48
1962-04-01	4.48	-4.40	5.72	-4.59	197.38
1962-05-01	45.81	-0.89	36.37	-1.49	313.38
1962-06-01	57.20	3.98	57.59	3.61	776.38
1962-07-01	98.24	6.71	96.37	5.83	1420.38
1962-08-01	78.99	5.58	79.77	4.73	1400.38
1962-09-01	46.21	3.40	45.42	2.34	719.38
1962-10-01	5.64	-4.16	13.16	-4.98	337.38
1962-11-01	0.63	-11.30	9.00	-11.82	150.38
1962-12-01	2.04	-16.43	10.13	-17.05	82.58
1963-01-01	0.95	-19.43	1.02	-19.59	61.98
1963-02-01	0.63	-15.66	1.43	-15.43	56.88
1963-03-01	5.14	-10.57	5.64	-10.51	68.08
1963-04-01	9.10	-4.27	8.65	-4.53	137.38
1963-05-01	34.43	0.45	30.87	-0.09	236.38
1963-06-01	69.56	3.07	75.87	2.53	597.38
1963-07-01	91.59	6.68	89.65	5.70	1980.38
1963-08-01	86.15	6.43	80.23	5.56	871.38
1963-09-01	80.90	3.68	67.51	2.47	1430.38
1963-10-01	16.97	-4.89	9.76	-5.61	549.38
1963-11-01	4.88	-13.23	5.38	-14.70	195.38
1963-12-01	0.92	-17.38	0.98	-18.93	97.58
1964-01-01	2.72	-17.33	1.96	-17.36	80.88
1964-02-01	3.56	-14.16	3.42	-14.05	73.28
1964-03-01	1.42	-9.80	1.74	-9.85	79.68
1964-04-01	5.25	-2.95	4.78	-3.31	212.38
1964-05-01	31.89	-0.29	25.38	-0.97	247.38
1964-06-01	68.57	3.35	65.85	2.76	687.38
1964-07-01	78.78	6.51	78.95	5.74	1730.38
1964-08-01	83.45	5.77	85.25	4.90	1040.38
1964-09-01	72.99	3.26	63.09	2.02	957.38
1964-10-01	9.14	-2.30	8.11	-3.57	552.38
1964-11-01	0.82	-11.28	1.52	-12.56	188.38
1964-12-01	1.26	-15.30	1.28	-15.57	89.98
1965-01-01	0.59	-16.62	0.90	-16.70	72.48
1965-02-01	1.37	-14.50	2.21	-14.46	70.98
1965-03-01	3.20	-11.98	3.32	-11.91	73.18
1965-04-01	6.84	-4.64	7.33	-5.01	150.38
1965-05-01	23.03	0.23	22.95	-0.18	263.38
1965-06-01	81.99	3.67	84.64	2.81	794.38
1965-07-01	85.66	5.71	89.03	4.80	2130.38
1965-08-01	59.26	4.77	66.14	3.88	677.38
1965-09-01	44.87	1.94	49.73	0.67	1030.38
1965-10-01	23.74	-5.03	13.42	-6.09	452.38
1965-11-01	3.88	-12.94	2.93	-13.34	187.38
1965-12-01	0.68	-16.15	1.06	-16.40	88.18
1966-01-01	2.28	-16.77	2.43	-17.63	78.68
1966-02-01	2.04	-12.86	2.65	-12.69	77.88
1966-03-01	2.68	-8.25	2.63	-8.40	86.38
1966-04-01	5.22	-4.43	5.03	-4.89	156.38
1966-05-01	9.61	0.44	9.98	0.30	210.38
1966-06-01	24.51	3.30	26.92	2.99	188.38
1966-07-01	96.00	7.22	94.94	6.05	591.38
1966-08-01	96.62	7.10	84.76	6.02	1190.38
1966-09-01	63.60	1.88	51.96	0.86	1290.38
1966-10-01	16.17	-5.97	14.00	-6.97	536.38
1966-11-01	1.72	-11.69	1.65	-12.31	185.38
1966-12-01	0.30	-14.76	0.58	-15.42	86.28
1967-01-01	1.14	-16.75	1.43	-17.21	67.48
1967-02-01	3.11	-14.67	3.06	-14.55	64.98
1967-03-01	6.24	-10.75	6.91	-11.10	72.48
1967-04-01	7.16	-5.55	7.29	-5.87	125.38
1967-05-01	32.02	0.18	21.65	-0.41	384.38
1967-06-01	67.17	2.79	61.79	2.23	443.38
1967-07-01	85.01	6.22	81.18	5.33	866.38
1967-08-01	124.11	6.38	110.53	5.34	1020.38
1967-09-01	45.02	2.54	49.56	1.46	1170.38
1967-10-01	15.36	-5.20	13.89	-6.24	432.38
1967-11-01	5.61	-14.31	5.47	-15.32	167.38
1967-12-01	1.21	-17.17	1.33	-18.28	84.38
1968-01-01	4.18	-17.43	3.91	-18.17	73.58
1968-02-01	3.38	-16.53	2.97	-16.69	63.98
1968-03-01	6.10	-9.74	5.41	-9.95	75.08
1968-04-01	7.27	-5.47	8.02	-5.81	169.38
1968-05-01	20.22	-0.07	21.92	-0.35	402.38
1968-06-01	78.19	3.31	76.23	2.69	544.38
1968-07-01	80.86	5.62	84.53	5.03	731.38
1968-08-01	53.39	5.17	64.24	4.31	608.38
1968-09-01	38.19	3.31	49.89	2.10	456.38
1968-10-01	18.29	-5.63	15.92	-6.55	286.38
1968-11-01	1.16	-11.80	1.29	-12.52	129.38
1968-12-01	0.55	-13.68	0.69	-14.38	68.18
1969-01-01	3.44	-15.28	3.01	-15.59	57.08
1969-02-01	0.23	-12.77	0.92	-12.56	59.28
1969-03-01	3.02	-8.06	2.66	-8.06	70.38
1969-04-01	5.91	-3.86	5.14	-4.30	143.38
1969-05-01	20.39	1.24	20.23	0.89	164.38
1969-06-01	72.16	3.72	81.76	3.08	288.38
1969-07-01	79.73	6.27	88.24	5.43	628.38
1969-08-01	62.49	5.70	63.06	4.90	553.38
1969-09-01	65.90	2.69	68.55	1.51	623.38
1969-10-01	8.50	-4.40	8.76	-5.36	402.38
1969-11-01	0.53	-11.17	0.75	-11.67	147.38
1969-12-01	0.71	-15.03	0.68	-15.37	68.48
1970-01-01	3.10	-17.07	2.60	-17.01	50.88
1970-02-01	2.93	-15.58	3.31	-15.50	52.88
1970-03-01	5.61	-10.53	5.11	-10.44	56.18
1970-04-01	7.43	-5.78	7.03	-5.73	108.38
1970-05-01	23.61	-0.17	25.99	-0.53	204.38
1970-06-01	68.34	3.12	76.31	2.60	627.38
1970-07-01	134.58	6.87	126.88	6.02	1090.38
1970-08-01	61.59	6.08	65.15	5.24	1210.38
1970-09-01	46.39	2.90	44.56	1.79	488.38
1970-10-01	10.82	-4.53	10.60	-5.54	298.38
1970-11-01	1.70	-12.00	2.52	-12.79	140.38
1970-12-01	1.07	-14.38	0.98	-14.79	70.78
1971-01-01	2.37	-17.47	2.78	-17.56	61.08
1971-02-01	2.01	-15.13	2.64	-15.02	56.98
1971-03-01	3.39	-9.54	3.37	-9.65	65.38
1971-04-01	13.35	-3.51	15.21	-3.93	154.38
1971-05-01	37.53	-0.75	39.60	-1.42	248.38
1971-06-01	54.39	3.45	70.31	3.11	603.38
1971-07-01	96.14	7.05	80.48	6.22	785.38
1971-08-01	96.90	5.96	99.58	5.04	1150.38
1971-09-01	66.05	3.27	58.51	2.05	1220.38
1971-10-01	20.21	-3.87	23.67	-4.52	387.38
1971-11-01	3.25	-12.68	3.51	-12.67	180.38
1971-12-01	0.32	-16.37	0.52	-16.42	77.98
1972-01-01	1.03	-13.85	1.27	-14.05	70.98
1972-02-01	7.26	-13.91	6.12	-14.05	65.28
1972-03-01	1.68	-7.77	2.23	-8.17	79.08
1972-04-01	10.64	-5.19	12.32	-5.76	147.38
1972-05-01	14.09	1.22	17.47	0.78	309.38
1972-06-01	52.16	4.07	58.46	3.51	412.38
1972-07-01	120.45	8.13	115.28	7.05	1080.38
1972-08-01	71.75	7.50	59.38	6.41	1030.38
1972-09-01	40.61	2.21	50.44	1.03	824.38
1972-10-01	13.78	-4.68	15.55	-5.43	372.38
1972-11-01	3.37	-13.29	2.77	-15.60	136.38
1972-12-01	1.42	-14.91	1.24	-15.63	84.58
1973-01-01	2.29	-14.96	1.95	-15.04	71.68
1973-02-01	4.99	-13.58	4.45	-13.65	70.88
1973-03-01	4.00	-8.92	4.09	-9.10	79.78
1973-04-01	6.69	-4.18	7.79	-4.24	158.38
1973-05-01	24.67	0.24	28.58	-0.12	258.38
1973-06-01	63.73	2.71	64.05	2.35	356.38
1973-07-01	59.54	6.21	63.65	5.79	381.38
1973-08-01	57.53	5.92	66.50	5.16	528.38
1973-09-01	37.20	3.17	46.53	2.21	491.38
1973-10-01	40.16	-4.30	36.26	-5.22	349.38
1973-11-01	2.21	-12.86	2.49	-13.82	139.38
1973-12-01	2.67	-16.90	2.73	-18.22	66.28
1974-01-01	2.10	-16.12	1.90	-16.55	52.18
1974-02-01	1.68	-12.65	1.82	-12.62	51.68
1974-03-01	5.58	-10.01	5.02	-10.10	61.58
1974-04-01	9.57	-4.20	8.64	-4.26	150.38
1974-05-01	42.73	0.34	43.86	-0.14	317.38
1974-06-01	76.82	4.29	85.27	3.57	825.38
1974-07-01	89.57	5.90	96.96	5.25	784.38
1974-08-01	96.90	5.84	95.13	5.18	1290.38
1974-09-01	63.51	2.19	73.71	1.14	1280.38
1974-10-01	10.41	-1.85	11.43	-2.32	513.38
1974-11-01	1.87	-11.07	2.70	-11.03	210.38
1974-12-01	3.91	-15.63	3.16	-15.52	93.88
1975-01-01	4.22	-18.02	3.41	-17.37	74.38
1975-02-01	3.37	-14.59	4.59	-14.58	72.58
1975-03-01	2.71	-9.83	2.98	-9.75	81.48
1975-04-01	5.81	-4.54	6.15	-4.65	163.38
1975-05-01	26.43	-0.83	28.11	-1.10	221.38
1975-06-01	74.94	4.69	80.67	4.10	638.38
1975-07-01	112.06	5.99	108.03	5.26	1490.38
1975-08-01	63.76	6.35	58.79	5.62	956.38
1975-09-01	62.23	3.69	70.83	2.56	1170.38
1975-10-01	18.60	-2.28	17.83	-3.20	589.38
1975-11-01	0.92	-11.12	1.26	-11.69	223.38
1975-12-01	0.25	-16.40	0.57	-16.87	92.58
1976-01-01	1.61	-16.71	1.49	-16.82	89.98
1976-02-01	5.59	-12.76	5.55	-12.84	84.18
1976-03-01	3.50	-9.67	3.02	-9.53	83.28
1976-04-01	7.61	-4.98	8.31	-5.04	137.38
1976-05-01	37.34	-0.50	38.25	-0.93	297.38
1976-06-01	78.56	3.33	82.29	2.66	813.38
1976-07-01	76.44	4.22	78.85	3.44	853.38
1976-08-01	79.61	5.00	87.66	4.18	991.38
1976-09-01	43.79	2.12	51.09	1.19	829.38
1976-10-01	11.06	-4.50	11.04	-5.25	362.38
1976-11-01	0.30	-9.89	0.62	-10.23	169.38
1976-12-01	0.20	-14.21	0.49	-14.49	86.48
1977-01-01	2.88	-15.04	2.57	-15.03	69.48
1977-02-01	3.13	-14.90	3.78	-14.48	77.08
1977-03-01	3.25	-9.92	3.41	-9.85	82.58
1977-04-01	13.67	-4.85	16.27	-5.21	154.38
1977-05-01	26.65	-1.87	27.96	-2.33	234.38
1977-06-01	47.86	2.78	50.10	2.27	531.38
1977-07-01	88.25	6.50	75.52	5.87	571.38
1977-08-01	72.87	5.88	74.14	5.26	952.38
1977-09-01	68.00	3.64	57.88	2.61	756.38
1977-10-01	23.70	-5.03	21.45	-5.67	408.38
1977-11-01	5.32	-12.57	3.58	-12.55	141.38
1977-12-01	4.54	-16.09	3.61	-16.36	64.38
1978-01-01	2.92	-19.53	2.44	-19.78	50.18
1978-02-01	3.27	-14.60	3.99	-14.28	50.48
1978-03-01	6.30	-9.83	5.67	-9.95	60.88
1978-04-01	14.07	-4.77	11.72	-5.11	206.38
1978-05-01	28.18	0.27	32.38	-0.12	380.38
1978-06-01	51.28	3.67	52.15	3.22	595.38
1978-07-01	57.36	6.39	63.11	5.94	521.38
1978-08-01	68.11	6.19	75.52	5.45	788.38
1978-09-01	48.76	2.04	51.25	1.02	674.38
1978-10-01	17.72	-3.72	14.83	-4.42	294.38
1978-11-01	6.61	-11.61	5.44	-11.93	133.38
1978-12-01	1.69	-14.40	1.39	-15.13	64.08
1979-01-01	0.96	-14.94	1.06	-15.13	56.78
1979-02-01	3.12	-14.18	3.74	-14.31	55.38
1979-03-01	3.04	-10.83	3.09	-10.87	58.28
1979-04-01	10.42	-2.96	10.39	-3.28	139.38
1979-05-01	13.20	1.90	14.83	1.68	198.38
1979-06-01	69.23	4.11	60.14	3.45	185.38
1979-07-01	86.63	4.84	96.83	4.05	518.38
1979-08-01	61.22	6.67	64.28	5.74	537.38
1979-09-01	46.89	1.17	43.64	0.01	484.38
1979-10-01	11.37	-4.92	10.47	-5.60	247.38
1979-11-01	1.76	-10.81	1.77	-11.23	115.38
1979-12-01	5.84	-15.47	6.06	-16.38	66.88
1980-01-01	1.48	-17.39	1.15	-17.49	48.28
1980-02-01	1.95	-13.44	2.31	-13.49	47.98
1980-03-01	4.46	-9.31	5.59	-9.54	57.08
1980-04-01	5.70	-4.24	5.07	-4.50	132.38
1980-05-01	21.85	0.17	24.49	-0.06	200.38
1980-06-01	72.20	3.55	80.93	2.79	373.38
1980-07-01	98.12	6.15	108.26	5.32	1150.38
1980-08-01	88.25	5.55	92.98	4.80	1220.38
1980-09-01	67.05	2.81	72.55	1.82	1190.38
1980-10-01	18.03	-5.07	20.09	-5.76	565.38
1980-11-01	0.09	-10.11	0.41	-10.91	209.38
1980-12-01	0.35	-14.28	0.63	-14.79	89.08
1981-01-01	5.99	-16.66	5.59	-17.23	69.28
1981-02-01	2.53	-12.67	3.46	-12.86	71.28
1981-03-01	7.42	-9.54	7.44	-9.82	83.48
1981-04-01	16.53	-4.63	14.92	-5.02	169.38
1981-05-01	30.23	0.49	33.10	0.06	405.38
1981-06-01	61.01	5.21	60.57	4.48	860.38
1981-07-01	96.74	7.79	104.38	6.83	1440.38
1981-08-01	100.59	7.52	89.35	6.41	1320.38
1981-09-01	66.88	2.80	71.46	1.71	1640.38
1981-10-01	4.12	-3.31	3.54	-3.95	519.38
1981-11-01	4.55	-12.65	3.94	-12.81	205.38
1981-12-01	2.03	-16.31	1.42	-16.73	101.38
1982-01-01	0.93	-14.58	0.81	-14.88	88.58
1982-02-01	4.67	-15.05	5.45	-15.47	80.28
1982-03-01	8.22	-9.36	7.74	-9.56	85.58
1982-04-01	15.21	-5.78	16.17	-6.05	157.38
1982-05-01	28.91	-0.59	28.41	-1.05	352.38
1982-06-01	92.11	3.27	96.69	2.60	792.38
1982-07-01	85.37	6.54	94.70	5.74	1980.38
1982-08-01	75.42	6.08	65.08	5.36	642.38
1982-09-01	66.90	2.97	66.21	1.93	1140.38
1982-10-01	13.37	-3.59	14.19	-4.42	538.38
1982-11-01	4.94	-10.96	4.89	-11.62	223.38
1982-12-01	3.25	-16.26	2.38	-16.52	88.28
1983-01-01	5.89	-18.45	4.07	-18.63	70.68
1983-02-01	3.82	-18.02	4.18	-17.88	68.18
1983-03-01	6.36	-10.90	5.04	-10.74	75.18
1983-04-01	9.99	-6.45	11.63	-6.81	140.38
1983-05-01	33.30	-0.14	30.73	-0.70	474.38
1983-06-01	64.43	3.17	76.92	2.37	845.38
1983-07-01	127.10	6.06	119.23	5.15	1790.38
1983-08-01	58.63	5.45	62.32	4.87	1160.38
1983-09-01	50.04	3.25	53.08	2.24	548.38
1983-10-01	36.03	-3.19	38.57	-3.98	558.38
1983-11-01	0.62	-11.92	0.59	-12.42	213.38
1983-12-01	1.29	-15.59	2.06	-16.12	95.68
1984-01-01	3.75	-16.87	3.46	-17.29	75.78
1984-02-01	1.13	-11.96	1.90	-12.37	77.98
1984-03-01	2.44	-8.49	2.32	-8.31	85.28
1984-04-01	5.51	-3.38	6.44	-3.79	181.38
1984-05-01	16.95	-0.02	19.86	-0.23	203.38
1984-06-01	78.32	4.17	80.55	3.59	501.38
1984-07-01	108.17	5.94	121.40	5.09	1510.38
1984-08-01	26.29	4.64	27.71	4.15	727.38
1984-09-01	26.50	2.18	32.27	1.27	345.38
1984-10-01	7.82	-3.00	10.58	-3.88	195.38
1984-11-01	3.03	-11.56	3.34	-12.29	120.38
1984-12-01	1.48	-13.01	1.73	-13.38	67.18
1985-01-01	3.41	-16.34	5.69	-16.60	57.08
1985-02-01	1.29	-15.00	1.99	-15.00	55.78
1985-03-01	5.68	-8.20	4.55	-8.08	62.88
1985-04-01	9.41	-4.46	8.86	-4.70	132.38
1985-05-01	30.04	0.65	32.51	-0.01	183.38
1985-06-01	90.43	3.72	97.04	2.87	471.38
1985-07-01	77.06	5.43	86.12	4.80	949.38
1985-08-01	81.14	7.22	91.59	6.34	822.38
1985-09-01	71.12	2.03	80.95	1.02	1370.38
1985-10-01	27.53	-5.03	27.95	-5.99	526.38
1985-11-01	2.10	-13.06	2.15	-17.02	158.38
1985-12-01	5.47	-15.33	3.15	-17.49	100.38
1986-01-01	1.46	-17.12	1.27	-19.02	76.18
1986-02-01	2.17	-15.09	2.21	-15.32	70.18
1986-03-01	3.45	-10.26	2.73	-10.30	81.48
1986-04-01	14.97	-5.09	16.55	-5.58	175.38
1986-05-01	37.18	0.24	30.98	-0.41	473.38
1986-06-01	71.41	4.21	68.64	3.62	678.38
1986-07-01	56.52	6.68	53.87	6.27	1030.38
1986-08-01	67.97	5.68	63.40	5.10	418.38
1986-09-01	42.53	1.49	53.51	0.61	461.38
1986-10-01	10.92	-5.26	11.83	-5.99	264.38
1986-11-01	2.56	-10.47	2.46	-11.20	123.38
1986-12-01	4.08	-14.00	3.02	-14.76	70.68
1987-01-01	1.17	-15.64	1.13	-16.04	52.58
1987-02-01	3.67	-11.92	4.90	-12.05	58.28
1987-03-01	6.54	-8.87	4.21	-9.06	67.58
1987-04-01	16.59	-4.36	14.31	-4.78	130.38
1987-05-01	27.46	-0.32	24.33	-0.69	227.38
1987-06-01	53.87	5.57	53.79	5.12	471.38
1987-07-01	100.76	6.94	116.02	5.96	1200.38
1987-08-01	66.66	5.30	76.72	4.47	1080.38
1987-09-01	66.27	2.41	73.56	1.33	714.38
1987-10-01	12.03	-3.78	11.99	-4.80	431.38
1987-11-01	0.84	-9.76	1.05	-10.70	171.38
1987-12-01	6.11	-15.36	5.92	-16.18	82.98
1988-01-01	2.76	-15.46	2.33	-15.81	73.38
1988-02-01	4.24	-11.82	4.29	-12.06	67.88
1988-03-01	6.83	-8.91	5.63	-9.02	75.38
1988-04-01	8.61	-4.53	10.62	-4.79	148.38
1988-05-01	32.30	0.44	27.03	-0.06	226.38
1988-06-01	65.01	4.52	74.29	3.87	499.38
1988-07-01	91.77	7.11	90.01	6.37	745.38
1988-08-01	85.78	6.63	82.43	5.82	983.38
1988-09-01	59.75	2.88	66.79	1.81	824.38
1988-10-01	3.88	-2.10	5.39	-3.05	411.38
1988-11-01	1.97	-10.67	2.38	-11.37	166.38
1988-12-01	4.28	-13.31	2.52	-14.18	82.08
1989-01-01	3.24	-16.82	2.51	-17.45	63.88
1989-02-01	4.24	-13.90	4.72	-14.06	65.28
1989-03-01	6.31	-9.19	6.54	-9.25	70.28
1989-04-01	9.46	-5.71	7.99	-6.03	110.38
1989-05-01	52.09	0.57	54.70	0.21	353.38
1989-06-01	110.56	4.40	96.89	3.48	1930.38
1989-07-01	103.61	7.08	82.23	6.29	1780.38
1989-08-01	85.10	6.02	92.04	5.16	1320.38
1989-09-01	59.19	4.12	72.87	3.02	1380.38
1989-10-01	18.00	-2.71	17.32	-3.58	758.38
1989-11-01	4.95	-11.00	4.93	-11.56	265.38
1989-12-01	4.40	-16.15	3.39	-16.77	121.38
1990-01-01	1.38	-14.06	1.13	-13.99	99.48
1990-02-01	4.70	-13.36	5.76	-13.51	95.88
1990-03-01	6.87	-10.23	7.50	-10.47	98.88
1990-04-01	15.28	-5.61	11.27	-5.97	148.38
1990-05-01	35.92	-0.67	39.12	-1.06	399.38
1990-06-01	51.34	4.03	57.10	3.40	749.38
1990-07-01	90.73	6.48	91.06	5.78	881.38
1990-08-01	51.83	5.84	59.04	5.15	562.38
1990-09-01	45.63	2.48	55.25	1.53	535.38
1990-10-01	20.13	-4.17	22.47	-4.82	329.38
1990-11-01	0.92	-10.02	0.82	-10.81	162.38
1990-12-01	1.26	-13.61	1.37	-14.61	74.48
1991-01-01	5.71	-18.26	5.45	-18.19	63.38
1991-02-01	2.48	-12.13	3.16	-11.95	64.98
1991-03-01	4.96	-8.43	4.65	-8.30	82.18
1991-04-01	7.39	-4.82	9.04	-4.81	135.38
1991-05-01	14.46	0.52	16.23	0.44	219.38
1991-06-01	76.08	4.83	86.69	4.52	422.38
1991-07-01	105.89	7.21	103.67	6.85	1010.38
1991-08-01	106.63	5.72	87.64	5.33	1570.38
1991-09-01	29.61	2.10	41.17	1.70	646.38
1991-10-01	3.71	-3.97	4.55	-4.14	284.38
1991-11-01	2.31	-12.10	2.67	-12.07	156.38
1991-12-01	4.35	-15.18	3.79	-15.36	78.18
1992-01-01	2.07	-17.06	1.78	-16.78	59.18
1992-02-01	4.96	-16.56	5.20	-16.36	60.48
1992-03-01	3.55	-8.95	3.61	-8.82	65.08
1992-04-01	4.37	-3.67	4.83	-3.79	141.38
1992-05-01	29.90	-0.18	30.13	-0.28	193.38
1992-06-01	78.55	3.46	81.98	3.06	321.38
1992-07-01	85.75	4.76	76.74	4.33	981.38
1992-08-01	50.12	5.71	56.18	5.39	707.38
1992-09-01	51.61	3.00	52.94	2.60	581.38
1992-10-01	12.74	-5.30	10.94	-5.25	286.38
1992-11-01	1.70	-12.56	1.54	-12.56	122.38
1992-12-01	3.12	-16.06	2.58	-16.32	67.88
1993-01-01	7.39	-18.07	7.63	-17.78	62.48
1993-02-01	4.80	-12.54	4.60	-12.23	61.58
1993-03-01	9.24	-9.90	7.82	-9.73	67.08
1993-04-01	7.17	-4.63	8.91	-4.71	142.38
1993-05-01	29.27	-0.34	27.48	-0.35	260.38
1993-06-01	73.76	3.10	82.94	2.74	639.38
1993-07-01	82.29	6.24	91.96	5.70	1454.38
1993-08-01	99.33	5.64	109.02	5.21	1872.38
1993-09-01	45.32	1.68	58.38	1.33	925.38
1993-10-01	6.26	-4.57	7.37	-4.51	465.38
1993-11-01	1.14	-10.32	1.21	-10.49	201.38
1993-12-01	1.26	-14.19	1.16	-14.27	96.88
1994-01-01	4.84	-14.45	7.14	-14.49	86.28
1994-02-01	3.41	-13.95	4.56	-13.99	81.68
1994-03-01	5.27	-10.37	3.84	-10.14	82.68
1994-04-01	11.40	-4.48	11.33	-4.72	159.38
1994-05-01	27.23	0.50	33.42	0.24	249.38
1994-06-01	76.99	3.83	78.10	3.49	559.38
1994-07-01	52.50	6.30	44.28	6.02	442.38
1994-08-01	46.61	6.54	53.26	6.18	491.38
1994-09-01	58.50	4.32	61.98	3.86	657.38
1994-10-01	4.40	-4.60	3.55	-4.70	241.38
1994-11-01	4.41	-11.45	3.47	-11.53	131.38
1994-12-01	2.80	-15.04	1.70	-15.21	54.78
1995-01-01	7.07	-18.20	5.26	-18.19	52.08
1995-02-01	5.74	-15.78	6.89	-15.45	56.08
1995-03-01	7.06	-9.67	6.37	-9.42	59.88
1995-04-01	15.93	-5.77	13.43	-5.69	97.88
1995-05-01	8.04	2.31	11.00	2.63	288.38
1995-06-01	48.88	5.58	60.61	5.56	307.38
1995-07-01	80.54	6.06	81.99	5.63	390.38
1995-08-01	76.10	5.29	80.44	4.93	649.38
1995-09-01	65.29	3.40	64.61	2.83	819.38
1995-10-01	13.60	-3.78	15.13	-3.83	329.38
1995-11-01	6.43	-11.03	7.42	-11.04	145.38
1995-12-01	5.00	-16.14	5.24	-16.34	59.08
1996-01-01	5.36	-17.53	4.38	-17.78	51.08
1996-02-01	3.18	-13.18	4.73	-13.00	57.68
1996-03-01	8.54	-7.92	6.40	-7.53	67.38
1996-04-01	10.24	-3.92	10.28	-3.81	186.38
1996-05-01	35.62	0.38	34.06	0.26	221.38
1996-06-01	64.83	3.34	69.03	3.17	412.38
1996-07-01	111.86	6.58	92.66	6.37	754.38
1996-08-01	57.44	6.80	53.04	6.55	622.38
1996-09-01	52.05	1.57	66.23	1.37	627.38
1996-10-01	25.16	-4.19	23.64	-3.96	349.38
1996-11-01	3.63	-11.50	2.05	-11.18	145.38
1996-12-01	0.07	-15.34	0.37	-15.14	57.68
1997-01-01	3.46	-17.11	2.11	-16.92	52.68
1997-02-01	5.53	-16.43	6.59	-16.58	46.48
1997-03-01	9.33	-9.13	9.32	-9.06	55.98
1997-04-01	12.29	-5.94	12.71	-5.98	107.38
1997-05-01	30.82	-0.19	32.67	-0.30	291.38
1997-06-01	84.22	3.11	77.95	2.92	556.38
1997-07-01	76.46	6.03	65.18	5.69	891.38
1997-08-01	51.67	5.95	52.34	5.49	443.38
1997-09-01	41.28	1.29	52.11	1.20	370.38
1997-10-01	21.94	-6.52	19.83	-6.49	226.38
1997-11-01	4.85	-12.60	6.54	-13.01	100.38
1997-12-01	3.42	-17.73	5.58	-18.41	54.78
1998-01-01	3.37	-16.60	2.58	-16.87	47.08
1998-02-01	5.47	-13.19	6.17	-13.73	51.18
1998-03-01	8.74	-9.89	8.92	-9.79	68.48
1998-04-01	8.04	-3.45	8.53	-3.56	182.38
1998-05-01	19.98	1.74	20.20	1.60	454.38
1998-06-01	53.91	5.87	58.57	5.77	387.38
1998-07-01	124.46	6.51	111.39	6.29	778.38
1998-08-01	88.80	5.93	99.80	5.85	920.38
1998-09-01	57.80	3.34	50.44	3.15	808.38
1998-10-01	33.25	-3.24	30.54	-3.34	500.38
1998-11-01	3.52	-10.00	2.82	-10.24	194.38
1998-12-01	3.58	-14.97	2.03	-14.99	80.28
1999-01-01	2.76	-15.73	2.46	-15.72	70.08
1999-02-01	2.79	-10.46	3.03	-10.35	76.48
1999-03-01	3.97	-7.49	3.73	-7.18	81.68
1999-04-01	2.18	-2.56	2.87	-2.15	146.38
1999-05-01	45.97	0.46	47.12	0.52	164.38
1999-06-01	115.90	4.95	116.99	4.77	981.38
1999-07-01	61.76	6.44	61.15	6.33	1180.38
1999-08-01	77.70	6.07	72.14	5.78	832.38
1999-09-01	43.79	3.07	49.08	2.90	664.38
1999-10-01	42.14	-4.64	41.15	-4.80	482.38
1999-11-01	4.16	-10.89	3.26	-11.82	184.38
1999-12-01	1.44	-16.46	1.34	-17.19	78.08
2000-01-01	3.18	-16.65	3.48	-16.73	60.30
2000-02-01	5.26	-15.91	6.53	-16.03	62.50
2000-03-01	4.47	-10.87	5.07	-10.75	68.30
2000-04-01	15.42	-5.39	14.29	-5.33	171.00
2000-05-01	40.54	0.40	40.79	0.39	380.00
2000-06-01	72.30	4.94	82.64	4.78	983.00
2000-07-01	75.10	7.93	74.43	7.74	995.00
2000-08-01	70.58	5.35	82.97	5.09	809.00
2000-09-01	63.16	1.77	72.78	1.55	966.00
2000-10-01	9.16	-3.84	9.39	-3.77	476.00
2000-11-01	2.50	-11.06	2.30	-10.69	168.00
2000-12-01	1.81	-15.12	1.19	-14.78	81.80
2001-01-01	2.74	-15.75	3.22	-15.44	68.80
2001-02-01	3.32	-12.41	4.49	-12.53	68.60
2001-03-01	5.43	-10.66	5.34	-10.44	74.20
2001-04-01	13.97	-5.15	16.00	-5.13	138.00
2001-05-01	41.07	-1.10	47.03	-1.14	238.00
2001-06-01	66.80	3.54	79.00	3.24	922.00
2001-07-01	54.33	7.81	62.34	7.50	930.00
2001-08-01	109.73	5.86	100.84	5.63	1220.00
2001-09-01	51.93	3.61	58.50	3.31	903.00
2001-10-01	11.24	-3.57	12.26	-3.51	392.00
2001-11-01	1.83	-10.25	2.15	-9.95	184.00
2001-12-01	4.14	-14.31	3.24	-14.27	86.50
2002-01-01	5.09	-16.92	4.53	-16.58	70.20
2002-02-01	2.00	-12.00	3.14	-12.00	74.30
2002-03-01	4.92	-9.47	4.22	-9.26	81.90
2002-04-01	12.16	-3.09	11.94	-3.14	167.00
2002-05-01	35.12	-0.74	33.69	-0.77	206.00
2002-06-01	98.78	4.50	83.70	4.33	744.00
2002-07-01	107.34	7.62	98.23	7.56	1180.00
2002-08-01	47.76	6.30	52.07	6.18	732.00
2002-09-01	66.84	2.54	68.56	2.29	752.00
2002-10-01	11.84	-5.39	9.80	-5.13	428.00
2002-11-01	3.75	-11.79	4.49	-11.45	155.00
2002-12-01	1.46	-13.48	0.84	-13.26	65.00
2003-01-01	2.57	-14.99	2.69	-15.06	60.80
2003-02-01	3.94	-12.63	4.31	-12.58	74.00
2003-03-01	5.23	-8.82	5.66	-8.71	70.50
2003-04-01	3.94	-3.23	4.93	-3.25	138.00
2003-05-01	35.57	-0.90	38.56	-1.18	195.00
2003-06-01	74.79	3.70	84.54	3.59	512.00
2003-07-01	82.99	6.07	88.79	5.72	728.00
2003-08-01	96.60	6.99	110.17	6.60	1140.00
2003-09-01	49.47	3.09	59.23	2.82	1150.00
2003-10-01	10.10	-2.92	12.15	-2.80	446.00
2003-11-01	1.93	-9.93	1.99	-9.74	173.00
2003-12-01	3.44	-13.90	2.48	-13.76	69.80
2004-01-01	5.18	-15.63	4.48	-15.44	63.30
2004-02-01	1.67	-13.83	2.87	-13.67	57.80
2004-03-01	1.21	-7.20	0.93	-7.01	72.90
2004-04-01	12.28	-3.68	12.73	-3.78	159.00
2004-05-01	38.33	0.38	37.02	0.50	194.00
2004-06-01	76.55	3.55	79.32	3.27	392.00
2004-07-01	83.93	6.17	90.60	6.00	776.00
2004-08-01	93.38	6.49	94.08	6.25	1250.00
2004-09-01	38.75	3.07	45.00	2.89	839.00
2004-10-01	23.61	-4.58	21.55	-4.47	454.00
2004-11-01	4.34	-12.37	3.96	-12.15	163.00
2004-12-01	2.15	-13.46	1.65	-13.37	69.70
2005-01-01	4.21	-14.25	3.76	-14.04	64.60
2005-02-01	4.76	-12.57	5.17	-12.26	68.10
2005-03-01	10.62	-8.19	9.22	-7.88	79.60
2005-04-01	12.21	-4.47	14.09	-4.32	144.00
2005-05-01	32.55	-0.28	33.31	-0.39	326.00
2005-06-01	60.54	4.27	74.04	4.05	814.00
2005-07-01	138.14	7.00	112.09	6.78	1310.00
2005-08-01	103.40	6.88	106.60	6.66	2530.00
2005-09-01	45.73	3.58	52.70	3.48	1240.00
2005-10-01	21.08	-3.97	24.24	-3.89	837.00
2005-11-01	1.53	-11.16	1.87	-11.01	307.00
2005-12-01	1.50	-14.55	1.02	-14.53	129.00
2006-01-01	0.94	-11.59	0.64	-10.91	101.00
2006-02-01	3.77	-10.07	4.02	-9.48	97.50
2006-03-01	6.01	-9.38	8.07	-9.07	112.00
2006-04-01	8.84	-4.79	9.21	-4.46	176.00
2006-05-01	27.71	0.26	33.37	0.31	264.00
2006-06-01	76.45	4.79	80.85	4.68	744.00
2006-07-01	74.60	8.37	65.37	8.14	781.00
2006-08-01	68.48	7.40	71.46	7.18	656.00
2006-09-01	43.80	3.45	49.89	3.20	675.00
2006-10-01	21.55	-4.26	17.00	-4.12	407.00
2006-11-01	4.95	-10.76	3.57	-10.56	174.00
2006-12-01	3.92	-14.54	2.88	-14.21	82.40
2007-01-01	0.43	-15.54	0.65	-15.21	65.80
2007-02-01	5.24	-13.70	5.05	-13.53	57.90
2007-03-01	6.66	-8.20	4.97	-8.03	67.80
2007-04-01	9.00	-3.50	7.87	-3.32	191.00
2007-05-01	34.89	1.69	35.56	1.53	232.00
2007-06-01	68.59	3.36	67.93	3.20	629.00
2007-07-01	85.75	6.71	94.30	6.53	796.00
2007-08-01	88.90	7.44	100.44	7.19	1020.00
2007-09-01	61.44	3.06	61.07	2.87	1280.00
2007-10-01	11.53	-2.30	9.47	-2.18	506.00
2007-11-01	4.27	-11.36	3.00	-11.32	208.00
2007-12-01	2.13	-13.32	2.44	-13.46	80.60
2008-01-01	6.29	-14.10	8.59	-13.85	69.80
2008-02-01	3.35	-16.22	4.14	-15.87	69.60
2008-03-01	4.23	-9.35	3.96	-9.15	80.70
2008-04-01	6.44	-4.03	7.68	-4.01	159.00
2008-05-01	48.44	1.37	51.57	1.35	294.00
2008-06-01	64.53	3.86	74.70	3.89	550.00
2008-07-01	125.98	6.60	120.16	6.42	861.00
2008-08-01	83.96	5.23	87.48	5.02	1380.00
2008-09-01	62.66	2.95	70.47	2.61	911.00
2008-10-01	29.09	-4.81	29.06	-4.70	732.00
2008-11-01	2.77	-11.27	2.12	-11.12	249.00
2008-12-01	0.67	-13.23	0.66	-12.98	111.00
2009-01-01	2.80	-13.84	1.94	-13.40	90.30
2009-02-01	2.09	-11.04	2.90	-11.02	89.20
2009-03-01	6.97	-8.44	6.37	-8.21	100.00
2009-04-01	9.16	-2.28	9.10	-2.19	240.00
2009-05-01	51.22	0.09	48.97	-0.08	280.00
2009-06-01	63.05	5.32	70.65	5.06	1250.00
2009-07-01	144.13	7.53	135.35	7.25	2310.00
2009-08-01	95.01	5.99	94.78	5.79	1840.00
2009-09-01	70.61	4.15	56.48	3.78	1610.00
2009-10-01	37.45	-3.62	32.22	-3.54	965.00
2009-11-01	2.04	-10.04	2.31	-9.47	369.00
2009-12-01	1.35	-14.26	1.55	-13.81	156.00
2010-01-01	1.99	-14.10	1.35	-13.91	84.30
2010-02-01	0.89	-11.38	1.69	-11.19	91.50
2010-03-01	3.10	-7.57	2.44	-7.25	111.00
2010-04-01	6.93	-3.75	5.79	-3.53	239.00
2010-05-01	41.27	1.15	41.66	1.04	281.00
2010-06-01	98.20	4.45	86.70	4.13	513.00
2010-07-01	100.14	8.60	88.28	8.32	1700.00
2010-08-01	93.46	7.89	93.53	7.67	1180.00
2010-09-01	62.70	3.83	58.61	3.67	1000.00
2010-10-01	25.30	-3.74	19.01	-3.57	662.00
2010-11-01	2.37	-10.69	2.66	-10.27	264.00
2010-12-01	0.48	-15.91	0.70	-15.61	93.90
2011-01-01	3.02	-16.28	3.52	-16.13	66.90
2011-02-01	5.19	-11.56	3.75	-11.26	67.00
2011-03-01	6.26	-9.89	5.63	-9.53	71.60
2011-04-01	12.10	-3.83	13.53	-3.72	181.00
2011-05-01	44.64	0.69	46.86	0.60	342.00
2011-06-01	89.15	4.04	91.81	3.72	904.00
2011-07-01	98.90	6.66	105.80	6.47	1320.00
2011-08-01	70.73	6.20	68.73	5.93	1090.00
2011-09-01	74.04	3.48	79.42	3.24	996.00
2011-10-01	19.35	-3.74	17.77	-3.47	664.00
2011-11-01	5.59	-9.86	4.12	-9.54	253.00
2011-12-01	0.56	-13.37	0.69	-13.09	110.00
2012-01-01	6.15	-16.74	5.94	-16.39	69.70
2012-02-01	5.91	-12.00	5.42	-11.61	63.30
2012-03-01	7.60	-9.53	10.62	-9.23	78.40
2012-04-01	17.44	-4.64	22.42	-4.57	201.00
2012-05-01	43.37	1.02	32.91	1.03	565.00
2012-06-01	95.27	4.76	85.46	4.69	836.00
2012-07-01	128.26	7.11	126.86	7.09	1800.00
2012-08-01	84.65	6.92	78.52	6.87	1760.00
2012-09-01	32.81	2.72	38.11	2.66	917.00
2012-10-01	17.60	-4.79	19.05	-4.47	475.00
2012-11-01	0.86	-11.19	0.94	-10.66	207.00
2012-12-01	3.53	-14.13	2.38	-13.63	89.90
2013-01-01	1.52	-15.73	2.05	-15.41	73.70
2013-02-01	3.72	-11.01	5.65	-10.84	71.40
2013-03-01	3.47	-7.88	3.59	-7.64	92.40
2013-04-01	16.00	-4.27	13.86	-4.21	166.00
2013-05-01	51.03	0.32	51.13	0.29	366.00
2013-06-01	54.49	5.78	63.98	5.78	769.00
2013-07-01	110.76	7.43	97.44	7.20	1450.00
2013-08-01	39.60	7.71	28.98	7.59	664.00
2013-09-01	50.33	1.83	58.20	1.69	698.00
2013-10-01	26.07	-4.04	24.24	-3.63	402.00
2013-11-01	4.98	-12.15	3.41	-11.33	188.00
2013-12-01	1.67	-15.43	1.46	-14.74	91.80
2014-01-01	3.25	-15.53	2.94	-14.56	72.40
2014-02-01	3.65	-12.84	6.10	-12.10	67.70
2014-03-01	7.47	-9.01	7.36	-8.32	80.70
2014-04-01	8.46	-4.38	8.38	-4.20	158.00
2014-05-01	26.52	0.35	26.58	0.47	239.00
2014-06-01	103.23	4.55	107.40	4.43	612.00
2014-07-01	95.25	6.96	73.20	7.30	1050.00
2014-08-01	111.57	5.53	69.88	5.64	1620.00
2014-09-01	89.28	2.91	77.95	2.74	1940.00
2014-10-01	14.08	-3.69	12.32	-3.13	810.00
2014-11-01	2.51	-10.25	2.89	-9.71	294.00
2014-12-01	8.65	-14.72	5.16	-14.03	107.00
2015-01-01	4.00	-17.11	8.00	-16.06	95.00
2015-02-01	1.46	-13.11	2.29	-12.05	92.20
2015-03-01	7.89	-7.95	4.22	-7.20	90.00
2015-04-01	17.40	-4.38	17.12	-4.06	230.00
2015-05-01	44.91	0.22	40.01	0.30	351.00
2015-06-01	81.42	4.23	85.17	4.15	603.00
2015-07-01	43.79	5.96	36.28	5.82	874.00
2015-08-01	65.15	5.79	42.06	6.07	480.00
2015-09-01	52.08	3.75	45.78	3.91	551.00
2015-10-01	7.49	-3.66	7.48	-3.04	316.00
2015-11-01	0.73	-9.38	1.25	-8.36	187.00
2015-12-01	0.28	-15.22	1.31	-14.47	78.50
2016-01-01	1.74	-16.81	2.26	-15.71	56.80
2016-02-01	0.78	-13.09	1.33	-12.36	60.90
2016-03-01	4.20	-8.48	7.74	-7.87	88.40
2016-04-01	16.27	-3.92	15.54	-3.58	206.00
2016-05-01	48.69	0.52	43.40	0.88	270.00
2016-06-01	63.93	4.65	61.95	5.26	454.00
2016-07-01	98.96	7.29	91.62	7.48	930.00
2016-08-01	42.05	7.82	48.18	8.67	582.00
2016-09-01	60.32	2.52	64.76	2.51	801.00
2016-10-01	26.77	-2.91	28.10	-2.71	463.00
2016-11-01	0.37	-9.68	1.44	-8.72	199.00
2016-12-01	0.44	-12.70	1.52	-11.46	92.90
2017-01-01	4.12	-15.25	5.04	-14.98	66.70
2017-02-01	1.70	-11.48	3.42	-10.70	80.40
2017-03-01	6.18	-9.80	9.97	-9.39	82.40
2017-04-01	15.03	-3.77	12.42	-3.07	206.00
2017-05-01	43.27	0.03	42.78	0.25	271.00
2017-06-01	87.73	3.57	96.47	3.67	895.00
2017-07-01	73.71	7.44	54.20	7.75	895.00
2017-08-01	108.72	7.01	72.68	7.07	986.00
2017-09-01	69.72	3.79	61.63	3.55	1800.00
2017-10-01	16.97	-2.37	19.40	-1.86	702.00
2017-11-01	1.30	-10.70	2.47	-9.98	285.00
2017-12-01	0.48	-12.77	1.32	-11.76	124.00
2018-01-01	0.67	-14.60	2.70	-13.32	86.40
2018-02-01	2.11	-12.51	4.14	-11.58	86.40
2018-03-01	7.34	-8.71	4.58	-7.87	101.00
2018-04-01	12.98	-3.84	9.93	-3.36	226.00
2018-05-01	28.61	0.80	29.57	0.94	292.00
2018-06-01	80.12	4.84	73.98	4.91	566.00
2018-07-01	96.84	7.50	88.00	7.66	1360.00
2018-08-01	79.67	6.98	73.92	7.38	1360.00
2018-09-01	80.34	3.49	58.28	3.51	2000.00
2018-10-01	16.56	-5.45	15.96	-5.25	862.00
2018-11-01	3.74	-11.35	2.43	-10.33	300.00
2018-12-01	2.92	-15.44	2.16	-14.32	144.00
2019-01-01	2.54	-16.06			109.00
2019-02-01	5.57	-12.50			109.00
2019-03-01	12.30	-10.15			109.00
2019-04-01	12.80	-3.20			338.00
2019-05-01	50.01	0.21			522.00
2019-06-01	69.37	4.72			966.00
2019-07-01	74.99	5.88			1330.00
2019-08-01	81.50	7.00			848.00
2019-09-01	65.69	3.18			1310.00
2019-10-01	22.89	-3.53			675.00
2019-11-01	5.72	-8.76			339.00
2019-12-01	3.57	-16.33			141.00
2020-01-01	7.56	-16.25			117.00
2020-02-01	5.78	-14.37			106.00
2020-03-01	6.17	-8.94			114.00
2020-04-01	16.48	-5.22			245.00
2020-05-01	30.45	-0.60			437.00
2020-06-01	87.74	4.35			1200.00
2020-07-01	121.32	6.87			1900.00
2020-08-01	82.76	6.79			1960.00
2020-09-01	41.99	4.35			1330.00
2020-10-01	3.62	-2.09			679.00
2020-11-01	2.50	-9.89			316.00
2020-12-01	0.27	-14.11			137.00
2021-01-01	0.98	-15.17			105.00
2021-02-01	1.60	-12.73			108.00
2021-03-01	5.37	-7.67			128.00
2021-04-01	18.27	-4.78			211.00
2021-05-01	58.90	0.31			386.00
2021-06-01	85.81	5.26			987.00
2021-07-01	108.32	7.37			1250.00
2021-08-01	107.76	6.65			1640.00
2021-09-01	46.35	2.96			1300.00
2021-10-01	27.75	-1.74			900.00
2021-11-01	1.25	-11.44			328.00
2021-12-01	2.12	-15.02			146.00
2022-01-01	1.87	-17.08			102.00
2022-02-01	5.67	-16.15			79.30
2022-03-01	1.38	-7.05			132.00
2022-04-01	10.48	-3.94			281.00
2022-05-01	54.18	0.96			274.00
2022-06-01	79.25	5.10			732.00
2022-07-01	73.54	7.76			768.00
2022-08-01	70.87	7.31			857.00
2022-09-01	73.21	2.86			1160.00
2022-10-01	27.35	-3.13			903.00
2022-11-01	3.60	-9.91			365.00
2022-12-01	3.43	-14.66			117.00
2023-01-01	2.53	-15.34			93.00
2023-02-01	2.43	-11.81			90.30
2023-03-01	6.10	-8.87			117.00
2023-04-01	8.32	-4.28			242.00
2023-05-01	28.60	-0.23			353.00
2023-06-01	78.60	4.25			750.00
2023-07-01	87.70	7.16			1530.00
2023-08-01	114.93	7.20			2310.00
2023-09-01	54.61	4.03			1470.00
2023-10-01	16.25	-3.53			1100.00
2023-11-01	2.55	-10.61			470.00
2023-12-01	2.19	-14.14			181.00
2024-01-01	2.53	-16.14			104.00
2024-02-01	5.48	-13.58			78.20
2024-03-01	8.52	-8.39			116.00
2024-04-01	13.50	-3.71			288.00
2024-05-01	42.81	0.79			554.00
2024-06-01	87.36	4.47			1090.00
2024-07-01	145.57	7.78			2020.00
2024-08-01	28.49	7.64			1150.00
2024-09-01	63.06	3.96			1280.00
2024-10-01	15.07	-2.58			695.00
2024-11-01	4.43	-9.67			387.67
2024-12-01	2.47	-14.20			148.00
